0 FILE 20009 - AT-TE Walker.mpd
0 AT-TE Walker
0 Name: 20009 - AT-TE Walker.mpd
0 Author: Ken Drew [Ken]
0 !LDRAW_ORG Model
0 !LICENSE Redistributable under CCAL version 2.0 : see CAreadme.txt

0 !THEME Star Wars

0 !HISTORY 2013-4-20 [Ken] Initial creation

1 7 0 0 0 0 0 1 0 1 0 -1 0 0 3795.dat
1 7 0 0 120 0 0 1 0 1 0 -1 0 0 3795.dat
1 8 0 -8 -20 0 0 1 0 1 0 -1 0 0 3031.dat
1 7 0 -8 30 -1 0 0 0 1 0 0 0 -1 3710.dat
1 8 0 -8 160 0 0 1 0 1 0 -1 0 0 3031.dat
1 7 0 -8 80 -1 0 0 0 1 0 0 0 -1 3032.dat
0 STEP
1 7 0 -16 0 0 0 1 0 1 0 -1 0 0 3795.dat
1 8 0 -32 100 0 0 1 0 1 0 -1 0 0 3001.dat
1 0 0 -32 150 -1 0 0 0 1 0 0 0 -1 3937.dat
1 7 -30 -32 130 -1 0 0 0 1 0 0 0 -1 43710.dat
1 7 30 -32 130 -1 0 0 0 1 0 0 0 -1 43711.dat
1 0 -30 -32 80 0 0 1 0 1 0 -1 0 0 3937.dat
1 0 30 -32 80 0 0 -1 0 1 0 1 0 0 3937.dat
1 7 30 -32 110 0 0 -1 0 1 0 1 0 0 3040b.dat
1 7 -30 -32 110 0 0 1 0 1 0 -1 0 0 3040b.dat
0 STEP
1 7 30 -32 30 1 0 0 0 1 0 0 0 1 43710.dat
1 7 -30 -32 30 1 0 0 0 1 0 0 0 1 43711.dat
1 7 -30 -32 50 0 0 1 0 1 0 -1 0 0 3040b.dat
1 7 30 -32 50 0 0 -1 0 1 0 1 0 0 3040b.dat
1 16 30 -8 -65 1 0 0 0 1 0 0 0 1 mini_gun.ldr
1 16 -30 -8 -65 1 0 0 0 1 0 0 0 1 mini_gun.ldr
0 STEP
1 7 36.7574 -28.8995 80 0 -0.707107 -0.707107 0 0.707107 -0.707107 1 0 0 3938.dat
1 7 -36.7227 -28.6224 80 0 0.707107 0.707107 0 0.707107 -0.707107 -1 0 0 3938.dat
1 7 0 -31.4981 154.4075 -1 0 0 0 0.898794 -0.438371 0 -0.438371 -0.898794 3938.dat
1 7 0 -40 50 1 0 0 0 1 0 0 0 1 3298.dat
1 320 0 -24 -10 1 0 0 0 1 0 0 0 1 3794b.dat
0 STEP
1 7 30 -40 40 0 0 1 0 1 0 -1 0 0 3023.dat
1 7 -30 -40 40 0 0 1 0 1 0 -1 0 0 3023.dat
1 7 0 -40 120 -1 0 0 0 1 0 0 0 -1 3020.dat
1 320 0 -40 90 1 0 0 0 1 0 0 0 1 2412b.dat
1 320 0 -40 70 1 0 0 0 1 0 0 0 1 2412b.dat
0 STEP
1 8 0 -48 120 -1 0 0 0 1 0 0 0 -1 3068b.dat
1 7 49.4853 -27.4853 80 -0.707107 -0.707107 0 -0.707107 0.707107 0 0 0 -1 4150.dat
1 7 -49.4507 -27.2082 80 -0.707107 0.707107 0 0.707107 0.707107 0 0 0 -1 4150.dat
0 STEP
1 16 58 61 80 1 0 0 0 1 0 0 0 1 side_dish_left.ldr
1 16 -58 61 80 1 0 0 0 1 0 0 0 1 side_dish_right.ldr
1 16 0 -9.5795 181.6901 1 0 0 0 1 0 0 0 1 back_gun_sub.ldr
1 16 0 -16 -4 1 0 0 0 1 0 0 0 1 front_gun_sub.ldr
0 STEP
1 16 46 61 -3 1 0 0 0 1 0 0 0 1 front_left_leg.ldr
1 16 46 61 163 1 0 0 0 1 0 0 0 1 back_right_leg.ldr
1 16 -44 61 -3 1 0 0 0 1 0 0 0 1 front_right_leg.ldr
1 16 -44 61 163 1 0 0 0 1 0 0 0 1 back_left_leg.ldr
1 320 0 -72 50 1 0 0 0 1 0 0 0 1 20009 - Turret.ldr
0 STEP
0 STEP
0 ROTSTEP 0.000 0.000 180.000 REL
0 STEP
0 STEP
0 STEP
0 STEP
0 ROTSTEP END
0 STEP
0 STEP
0 STEP
0 STEP
0 STEP
0 STEP
0 STEP


0 NOFILE
0 FILE 20009 - Turret.ldr
0 Turret
0 Name: 20009 - Turret.ldr
0 Author: Ken Drew [Ken]
0 !LDRAW_ORG Model
0 !LICENSE Redistributable under CCAL version 2.0 : see CAreadme.txt
0 !THEME Star Wars
0 !HISTORY 2013-4-20 [Ken] Initial creation
1 7 0 0 0 1 0 0 0 1 0 0 0 1 48336.dat
0 STEP
1 0 0 -8 0 -1 0 0 0 1 0 0 0 -1 4623.dat
0 STEP
1 7 0 -18 -17 1 0 0 0 0.258819 -0.965926 0 0.965926 0.258819 60470a.dat
0 STEP
1 320 0 -20 -24 1 0 0 0 0.258819 -0.965926 0 0.965926 0.258819 3794b.dat
0 STEP
1 0 0 -26 -47 1 0 0 0 0.258819 -0.965926 0 0.965926 0.258819 4589.dat
0 STEP
1 0 0 -47 -126 1 0 0 0 -0.258819 0.965925 0 -0.965925 -0.258819 63965.dat
0 STEP


0 NOFILE
0 FILE 20009 - Light Leg.ldr
0 Light Leg.ldr
0 Name: 20009 - Light Leg.ldr
0 Author: Ken Drew [Ken]
0 !LDRAW_ORG Model
0 !LICENSE Redistributable under CCAL version 2.0 : see CAreadme.txt
0 !THEME Star Wars
0 !HISTORY 2013-4-20 [Ken] Initial creation
1 8 0 0 0 1 0 0 0 1 0 0 0 1 4740.dat
0 STEP
1 8 0 -8 0 0 0 1 0 1 0 -1 0 0 2555.dat
0 STEP
1 8 0 -15 0 -1 0 0 0 0.866025 -0.5 0 -0.5 -0.866025 30375.dat
0 STEP0 NOFILE
0 NOFILE
0 FILE mini_gun.ldr
0 
0 Name: mini_gun.ldr
0 Author: 
1 7 0 -8 15 -1 0 0 0 1 0 0 0 -1 4592.dat
1 0 0 -8 15 -1 0 0 0 0 1 0 1 0 4593.dat
0 NOFILE
0 FILE min_gun_rear.ldr
0 
0 Name: min_gun_rear.ldr
0 Author: 
1 7 0 -10.6973 -13.0342 1 0 0 0 0.898794 0.438371 0 -0.438371 0.898794 4592.dat
1 0 0 -9.789 -13.5004 1 0 0 0 0.325568 0.945518 0 -0.945518 0.325568 4593.dat
0 NOFILE
0 FILE mini_gun_front_side_1.ldr
0 
0 Name: mini_gun_front_side_1.ldr
0 Author: 
1 7 -1.1985 -8 15 0 1 0 1 0 0 0 0 -1 4592.dat
1 0 -1.1985 -8 15 0 0 1 1 0 0 0 1 0 4593.dat
0 NOFILE
0 FILE mini_gun_front_side_2.ldr
0 
0 Name: mini_gun_front_side_2.ldr
0 Author: 
1 7 1.1985 -8 15 0 -1 0 -1 0 0 0 0 -1 4592.dat
1 0 1.1985 -8 15 0 0 -1 -1 0 0 0 1 0 4593.dat
0 NOFILE
0 FILE small_stack_front.ldr
0 
0 Name: small_stack_front.ldr
0 Author: 
1 47 0 -8 0 0 0 -1 0 1 0 1 0 0 3024.dat
0 STEP
1 47 0 -16 0 0 0 -1 0 1 0 1 0 0 3024.dat
0 STEP
1 47 0 -24 0 0 0 -1 0 1 0 1 0 0 3024.dat
0 NOFILE
0 FILE front_guns_with_brick.ldr
0 
0 Name: front_guns_with_brick.ldr
0 Author: 
1 8 0 -24 14 0 0 -1 0 1 0 1 0 0 47905.dat
0 STEP
0 STEP
1 16 17 -5.8015 -1 1 0 0 0 1 0 0 0 1 mini_gun_front_side_2.ldr
1 16 -17 -5.8015 -1 1 0 0 0 1 0 0 0 1 mini_gun_front_side_1.ldr
0 NOFILE
0 FILE front_left_leg.ldr
0 
0 Name: front_left_leg.ldr
0 Author: 
1 7 -16 -61 13 -1 0 0 0 1 0 0 0 -1 3665.dat
0 STEP
1 7 -16 -61 -7 0 0 -1 0 1 0 1 0 0 4070.dat
0 STEP
1 8 -16 -37 3 0 0 1 0 1 0 -1 0 0 3023.dat
0 STEP
0 STEP
0 STEP
0 STEP
0 STEP
1 8 6 -8 -23 1 0 0 0 1 0 0 0 1 20009 - Light Leg.ldr
0 NOFILE
0 FILE back_right_leg.ldr
0 
0 Name: back_right_leg.ldr
0 Author: 
1 7 -16 -61 -13 1 0 0 0 1 0 0 0 1 3665.dat
0 STEP
1 7 -16 -61 7 0 0 -1 0 1 0 1 0 0 4070.dat
0 STEP
1 8 -16 -37 -3 0 0 1 0 1 0 -1 0 0 3023.dat
0 STEP
0 STEP
0 STEP
0 STEP
0 STEP
1 8 6 -8 23 -1 0 0 0 1 0 0 0 -1 20009 - Light Leg.ldr
0 NOFILE
0 FILE back_left_leg.ldr
0 
0 Name: back_left_leg.ldr
0 Author: 
1 7 14 -61 -13 1 0 0 0 1 0 0 0 1 3665.dat
0 STEP
1 7 14 -61 7 0 0 1 0 1 0 -1 0 0 4070.dat
0 STEP
1 8 14 -37 -3 0 0 1 0 1 0 -1 0 0 3023.dat
0 STEP
0 STEP
0 STEP
0 STEP
0 STEP
1 8 -4 -8 23 -1 0 0 0 1 0 0 0 -1 20009 - Light Leg.ldr
0 NOFILE
0 FILE front_right_leg.ldr
0 
0 Name: front_right_leg.ldr
0 Author: 
1 7 14 -61 13 -1 0 0 0 1 0 0 0 -1 3665.dat
0 STEP
1 7 14 -61 -7 0 0 1 0 1 0 -1 0 0 4070.dat
0 STEP
1 8 14 -37 3 0 0 1 0 1 0 -1 0 0 3023.dat
0 STEP
0 STEP
0 STEP
0 STEP
0 STEP
1 8 -4 -8 -23 1 0 0 0 1 0 0 0 1 20009 - Light Leg.ldr
0 NOFILE
0 FILE mini_stack_front.ldr
0 
0 Name: mini_stack_front.ldr
0 Author: 
1 47 0 -8 0 0 0 -1 0 1 0 1 0 0 3024.dat
1 47 0 -16 0 0 0 -1 0 1 0 1 0 0 3024.dat
1 47 0 -24 0 0 0 -1 0 1 0 1 0 0 3024.dat
0 STEP
0 STEP
0 STEP
0 STEP
0 STEP
0 STEP
0 STEP
1 47 0 -32 0 0 0 -1 0 1 0 1 0 0 3024.dat
0 NOFILE
0 FILE front_gun_sub.ldr
0 
0 Name: front_gun_sub.ldr
0 Author: 
1 320 0 -8 -46 1 0 0 0 1 0 0 0 1 3794b.dat
1 320 0 -8 -26 1 0 0 0 1 0 0 0 1 3794b.dat
0 STEP
0 STEP
0 STEP
1 320 0 -32 54 1 0 0 0 1 0 0 0 1 3794b.dat
1 7 0 -32 -6 -1 0 0 0 1 0 0 0 -1 4287.dat
0 STEP
1 16 0 -8 -40 1 0 0 0 1 0 0 0 1 front_guns_with_brick.ldr
1 16 0 -8 -46 1 0 0 0 1 0 0 0 1 mini_stack_front.ldr
0 STEP
0 STEP
0 STEP
0 STEP
0 STEP
0 STEP
0 STEP
1 7 0 -40 -16 0 0 -1 0 1 0 1 0 0 3023.dat
1 8 0 -40 44 0 0 -1 0 1 0 1 0 0 3023.dat
1 7 0 -32 14 -1 0 0 0 1 0 0 0 -1 54200.dat
0 STEP
1 320 0 -48 -36 0 0 -1 0 1 0 1 0 0 3069b.dat
1 7 0 -48 -6 0 0 -1 0 1 0 1 0 0 3070b.dat
1 8 0 -48 34 0 0 -1 0 1 0 1 0 0 2555.dat
0 NOFILE
0 FILE side_dish_left.ldr
0 
0 Name: side_dish_left.ldr
0 Author: 
1 8 2 -47 0 0 -1 0 0 0 1 -1 0 0 44728.dat
0 STEP
0 STEP
0 STEP
0 STEP
0 STEP
0 STEP
0 STEP
0 STEP
0 STEP
0 STEP
0 STEP
0 STEP
0 STEP
1 7 10 -47 0 0 -1 0 0 0 -1 1 0 0 60470a.dat
0 STEP
1 7 8 -27 0 -1 0 0 0 1 0 0 0 -1 4697b.dat
0 STEP
1 7 8 -16 0 -1 0 0 0 1 0 0 0 -1 43898.dat
0 NOFILE
0 FILE side_dish_right.ldr
0 
0 Name: side_dish_right.ldr
0 Author: 
1 8 -2 -47 0 0 1 0 0 0 1 1 0 0 44728.dat
0 STEP
0 STEP
0 STEP
0 STEP
0 STEP
0 STEP
0 STEP
0 STEP
0 STEP
0 STEP
0 STEP
0 STEP
0 STEP
1 7 -10 -47 0 0 1 0 0 0 -1 -1 0 0 60470a.dat
0 STEP
1 7 -8 -27 0 -1 0 0 0 1 0 0 0 -1 4697b.dat
0 STEP
1 7 -8 -16 0 -1 0 0 0 1 0 0 0 -1 43898.dat
0 NOFILE
0 FILE back_gun_sub.ldr
0 
0 Name: back_gun_sub.ldr
0 Author: 
1 7 0 -20.3415 -5.7997 0 0 -1 0.438371 0.898794 0 0.898794 -0.438371 0 3021.dat
0 STEP
1 7 -10 -29.1089 -23.7756 1 0 0 0 0.898794 0.438371 0 -0.438371 0.898794 54200.dat
1 7 10 -29.1089 -23.7756 1 0 0 0 0.898794 0.438371 0 -0.438371 0.898794 54200.dat
1 16 -9.1716 -15.9578 12.539 1 0 0 0 1 0 0 0 1 min_gun_rear.ldr
1 16 10.8284 -15.9578 12.539 1 0 0 0 1 0 0 0 1 min_gun_rear.ldr
0 NOFILE
