0 FILE 6080 - main.ldr
0 main
0 Name: 6080 - main.ldr
0 Author: Stefan Frenz [smf]
0 !LDRAW_ORG Model
0 !LICENSE Redistributable under CCAL version 2.0 : see CAreadme.txt

1 0 0 0 0 1 0 0 0 1 0 0 0 1 6080 - Front.ldr
0 STEP
1 2 -160 0 320 1 0 0 0 1 0 0 0 1 6080 - Back Right.ldr
1 2 -160 0 -320 1 0 0 0 1 0 0 0 1 6080 - Back Left.ldr
0 STEP
1 7 300 0 -200 1 0 0 0 1 0 0 0 1 6080 - Horse1.ldr
1 7 400 0 -200 1 0 0 0 1 0 0 0 1 6080 - Horse2.ldr
1 7 500 0 -200 1 0 0 0 1 0 0 0 1 6080 - Horse3.ldr
1 7 600 0 -200 1 0 0 0 1 0 0 0 1 6080 - Horse4.ldr
1 0 300 0 150 1 0 0 0 1 0 0 0 1 6080 - MiniFig1.ldr
1 0 400 0 150 1 0 0 0 1 0 0 0 1 6080 - MiniFig2.ldr
1 0 500 0 150 1 0 0 0 1 0 0 0 1 6080 - MiniFig3.ldr
1 0 600 0 150 1 0 0 0 1 0 0 0 1 6080 - MiniFig4.ldr
0 STEP
1 4 800 0 150 1 0 0 0 1 0 0 0 1 6080 - MiniFig9-10.ldr
1 4 700 0 150 1 0 0 0 1 0 0 0 1 6080 - MiniFig5-8.ldr
1 4 700 0 250 1 0 0 0 1 0 0 0 1 6080 - MiniFig5-8.ldr
1 4 700 0 350 1 0 0 0 1 0 0 0 1 6080 - MiniFig5-8.ldr
1 4 700 0 450 1 0 0 0 1 0 0 0 1 6080 - MiniFig5-8.ldr
1 4 800 0 250 1 0 0 0 1 0 0 0 1 6080 - MiniFig9-10.ldr
1 1 900 0 150 1 0 0 0 1 0 0 0 1 6080 - MiniFig11-12.ldr
1 1 900 0 250 1 0 0 0 1 0 0 0 1 6080 - MiniFig11-12.ldr


0 NOFILE
0 FILE 6080 - MiniFig9-10.ldr
0 MiniFig9-10
0 Name: 6080 - MiniFig9-10.ldr
0 Author: Stefan Frenz [smf]
0 !LDRAW_ORG Model
0 !LICENSE Redistributable under CCAL version 2.0 : see CAreadme.txt

1 0 10 -32 1 1 0 0 0 1 0 0 0 1 3815.dat
1 1 10 -20 1 1 0 0 0 1 0 0 0 1 3817.dat
1 1 10 -20 1 1 0 0 0 1 0 0 0 1 3816.dat
1 4 10 -64 1 1 0 0 0 1 0 0 0 1 973p42.dat
1 1 25.552 -55 1 0.985 0.17 0 -0.164 0.951 -0.259 -0.044 0.255 0.966 3819.dat
1 1 -5.552 -55 1 0.985 -0.17 0 0.12 0.697 0.707 -0.12 -0.697 0.707 3818.dat
1 14 -13.688 -49.431 -18.547 0.985 -0.12 0.12 0.12 0.993 0.007 -0.12 0.007 0.993 3820.dat
1 14 33.688 -35.287 -3.951 0.968 0.227 -0.11 -0.214 0.506 -0.836 -0.134 0.832 0.538 3820.dat
1 14 10 -88 1 0.986 0 -0.169 0 1 0 0.169 0 0.986 3626ap01.dat
1 8 10 -88 1 0.986 0 -0.169 0 1 0 0.169 0 0.986 3844.dat
1 6 -10.088 -102.8 -42.281 0.984 -0.087 0.146 0.12 0.962 -0.241 -0.12 0.255 0.959 4497.dat


0 NOFILE
0 FILE 6080 - MiniFig5-8.ldr
0 MiniFig5-8
0 Name: 6080 - MiniFig5-8.ldr
0 Author: Stefan Frenz [smf]
0 !LDRAW_ORG Model
0 !LICENSE Redistributable under CCAL version 2.0 : see CAreadme.txt

1 0 10 -32 1 1 0 0 0 1 0 0 0 1 3815.dat
1 4 10 -20 1 1 0 0 0 1 0 0 0 1 3817.dat
1 4 10 -20 1 1 0 0 0 1 0 0 0 1 3816.dat
1 4 10 -64 1 1 0 0 0 1 0 0 0 1 973p4f.dat
1 1 25.552 -55 1 0.985 0.17 0 -0.12 0.697 0.707 0.12 -0.697 0.707 3819.dat
1 1 -5.552 -55 1 0.985 -0.17 0 0.147 0.854 -0.5 0.085 0.493 0.866 3818.dat
1 14 -13.688 -34.678 1.32 0.985 -0.12 0.12 0.147 0.25 -0.957 0.085 0.961 0.264 3820.dat
1 14 33.688 -49.431 -18.547 0.968 0.227 -0.11 -0.223 0.974 0.048 0.118 -0.022 0.993 3820.dat
1 14 10 -91 1 0.986 0 -0.169 0 1 0 0.169 0 0.986 3626ap01.dat
1 0 10 -91 1 0.986 0 -0.169 0 1 0 0.169 0 0.986 3896.dat
1 6 10 -64 1 -1 0 0 0 1 0 0 0 -1 4498.dat
1 6 35.263 -47.365 -27.56 -0.022 0.192 -0.981 -0.227 0.955 0.192 0.974 0.227 0.022 4499.dat


0 NOFILE
0 FILE 6080 - Front.ldr
0 Front
0 Name: 6080 - Front.ldr
0 Author: Stefan Frenz [smf]
0 !LDRAW_ORG Model
0 !LICENSE Redistributable under CCAL version 2.0 : see CAreadme.txt

1 2 0 0 0 0 0 -1 0 1 0 1 0 0 3857.dat
1 0 -50 -8 40 -1 0 0 0 1 0 0 0 -1 3021.dat
1 0 -50 -8 0 -1 0 0 0 1 0 0 0 -1 3021.dat
1 0 -50 -8 -40 -1 0 0 0 1 0 0 0 -1 3021.dat
0 STEP
1 16 -117 0 -140 1 0 0 0 1 0 0 0 1 pillar_right.ldr
1 16 -117 0 140 1 0 0 0 1 0 0 0 1 pillar_left.ldr
1 16 82.565 0.37 0 1 0 0 0 1 0 0 0 1 draw_bridge_full.ldr
1 16 -94 0 -284 1 0 0 0 1 0 0 0 1 front_back_wall_right.ldr
1 16 -94 0 284 1 0 0 0 1 0 0 0 1 front_back_wall_left.ldr
1 16 -30 0 -190 1 0 0 0 1 0 0 0 1 front_front_wall_right.ldr
1 16 -30 0 190 1 0 0 0 1 0 0 0 1 front_front_wall_left.ldr
1 0 -40 -16 40 0 0 -1 0 1 0 1 0 0 3068b.dat
1 0 -40 -16 0 0 0 -1 0 1 0 1 0 0 3068b.dat
1 0 -40 -16 -40 0 0 -1 0 1 0 1 0 0 3068b.dat
0 STEP
1 7 -130 -144 -280 0 0 -1 0 1 0 1 0 0 3004.dat
1 0 -160 -144 -320 1 0 0 0 1 0 0 0 1 3830.dat
1 0 -160 -144 320 -1 0 0 0 1 0 0 0 -1 3831.dat
1 7 -130 -144 280 0 0 -1 0 1 0 1 0 0 3004.dat
1 7 -50 -144 70 0 0 -1 0 1 0 1 0 0 3005.dat
1 7 -10 -144 70 0 0 -1 0 1 0 1 0 0 3005.dat
1 7 -10 -144 -70 0 0 1 0 1 0 -1 0 0 3005.dat
1 7 -50 -144 -70 0 0 1 0 1 0 -1 0 0 3005.dat
1 7 -50 -144 -270 0 0 -1 0 1 0 1 0 0 3005.dat
1 7 -50 -144 270 0 0 -1 0 1 0 1 0 0 3005.dat
1 7 -10 -144 -110 1 0 0 0 1 0 0 0 1 3665a.dat
1 7 -10 -144 110 -1 0 0 0 1 0 0 0 -1 3665a.dat
0 STEP
1 16 -70 -136 190 1 0 0 0 1 0 0 0 1 front_left_mid_platform.ldr
1 16 -70 -136 -190 1 0 0 0 1 0 0 0 1 front_right_mid_platform.ldr
1 7 -10 -168 70 0 0 -1 0 1 0 1 0 0 3062b.dat
1 7 -10 -168 -70 0 0 -1 0 1 0 1 0 0 3062b.dat
1 0 -50 -168 -80 0 0 -1 0 1 0 1 0 0 3004.dat
1 0 -50 -168 80 0 0 -1 0 1 0 1 0 0 3004.dat
1 7 -140 -152 310 -1 0 0 0 1 0 0 0 -1 3023.dat
1 7 -140 -152 -310 -1 0 0 0 1 0 0 0 -1 3023.dat
0 STEP
1 16 -80 -152 220 1 0 0 0 1 0 0 0 1 front_front_left_bricks.ldr
1 16 -80 -152 -220 1 0 0 0 1 0 0 0 1 front_front_right_bricks.ldr
1 0 -32 -88 0 0 -1 0 1 0 0 0 0 1 6080 - Sarrasin.ldr
0 STEP
1 16 -19.4916 -168 0 1 0 0 0 1 0 0 0 1 front_top_mid.ldr
0 STEP
1 16 128.532 -12.3143 -59.8204 1 0 0 0 1 0 0 0 1 chain_bottom_left.ldr
1 16 129.137 -12.2123 62.9703 1 0 0 0 1 0 0 0 1 chain_bottom_right.ldr
0 STEP
1 16 -50 -432 17.5 1 0 0 0 1 0 0 0 1 front_top_top.ldr
0 STEP
1 14 -110 -512 -110 0 0 -1 0 1 0 1 0 0 6080 - Flag.ldr
1 14 -110 -512 110 0 0 -1 0 1 0 1 0 0 6080 - Flag.ldr
1 6 29 -302 -90 0 -1 0 -0.866 0 0.5 -0.5 0 -0.866 3849.dat
1 6 29 -302 90 -0.044 -0.996 0.075 0.866 0 0.5 -0.498 0.087 0.863 3849.dat
1 7 25 -326 -30 0 0 -1 0 1 0 1 0 0 3846p4h.dat
1 7 25 -326 30 0 0 -1 0 1 0 1 0 0 3846p4g.dat
1 7 -90 -480 -60 0 0 -1 0 1 0 1 0 0 3700.dat
1 6 -110 -457 90 0 0 -1 0 1 0 1 0 0 4497.dat
1 6 -110 -457 -90 0 0 -1 0 1 0 1 0 0 4497.dat


0 NOFILE
0 FILE 6080 - Horse1.ldr
0 Horse1
0 Name: 6080 - Horse1.ldr
0 Author: Stefan Frenz [smf]
0 !LDRAW_ORG Model
0 !LICENSE Redistributable under CCAL version 2.0 : see CAreadme.txt

1 15 -10 -49 45 1 0 0 0 1 0 0 0 1 4493c02.dat
1 4 -10 -57 45 1 0 0 0 1 0 0 0 1 4491a.dat
1 8 -41 -59 62.5 1 0 0 0 -1 0 0 0 -1 3847.dat


0 NOFILE
0 FILE 6080 - MiniFig1.ldr
0 MiniFig1
0 Name: 6080 - MiniFig1.ldr
0 Author: Stefan Frenz [smf]
0 !LDRAW_ORG Model
0 !LICENSE Redistributable under CCAL version 2.0 : see CAreadme.txt

1 0 10 -32 1 1 0 0 0 1 0 0 0 1 3815.dat
1 1 10 -20 1 1 0 0 0 1 0 0 0 1 3817.dat
1 1 10 -20 1 1 0 0 0 1 0 0 0 1 3816.dat
1 4 10 -64 1 1 0 0 0 1 0 0 0 1 973p40.dat
1 1 25.552 -55 1 0.985 0.17 0 -0.17 0.985 0 0 0 1 3819.dat
1 1 -5.552 -55 1 0.985 -0.17 0 0.12 0.697 0.707 -0.12 -0.697 0.707 3818.dat
1 14 -13.688 -49.431 -18.547 0.985 -0.12 0.12 0.12 0.993 0.007 -0.12 0.007 0.993 3820.dat
1 14 33.688 -37.24 -8.884 0.968 0.227 -0.11 -0.241 0.704 -0.668 -0.074 0.673 0.736 3820.dat
1 14 10 -90 1 0.986 0 -0.169 0 1 0 0.169 0 0.986 3626ap01.dat
1 8 10 -90 1 0.986 0 -0.169 0 1 0 0.169 0 0.986 4503.dat
1 14 9 -102 8 0.986 0 -0.169 0 1 0 0.169 0 0.986 87692.dat
1 1 10 -66 1 1 0 0 0 1 0 0 0 1 4524.dat
1 6 -13.872 -60.428 -31.059 0.996 -0.011 -0.086 0.086 0.255 0.963 0.011 -0.967 0.255 3849.dat
1 14 -3.536 -175.985 -61.714 0.993 -0.086 -0.086 0.061 0.963 -0.263 0.105 0.255 0.961 4495a.dat
1 4 -1.469 -199.097 -67.846 0.993 -0.086 -0.086 0.061 0.963 -0.263 0.105 0.255 0.961 4495a.dat
1 7 32.571 -36.609 -25.497 0.974 0.114 0.192 -0.199 0.834 0.514 -0.102 -0.539 0.836 3846p4g.dat


0 NOFILE
0 FILE 6080 - Horse2.ldr
0 Horse2
0 Name: 6080 - Horse2.ldr
0 Author: Stefan Frenz [smf]
0 !LDRAW_ORG Model
0 !LICENSE Redistributable under CCAL version 2.0 : see CAreadme.txt

1 0 -10 -49 45 1 0 0 0 1 0 0 0 1 4493c01.dat
1 14 -10 -57 45 1 0 0 0 1 0 0 0 1 4491a.dat
1 8 -41 -59 62.5 1 0 0 0 -1 0 0 0 -1 3847.dat


0 NOFILE
0 FILE 6080 - Horse3.ldr
0 Horse3
0 Name: 6080 - Horse3.ldr
0 Author: Stefan Frenz [smf]
0 !LDRAW_ORG Model
0 !LICENSE Redistributable under CCAL version 2.0 : see CAreadme.txt

1 15 -10 -49 45 1 0 0 0 1 0 0 0 1 4493c02.dat
1 0 -10 -57 45 1 0 0 0 1 0 0 0 1 4491a.dat
1 8 -41 -59 62.5 1 0 0 0 -1 0 0 0 -1 3847.dat


0 NOFILE
0 FILE 6080 - Horse4.ldr
0 Horse4
0 Name: 6080 - Horse4.ldr
0 Author: Stefan Frenz [smf]
0 !LDRAW_ORG Model
0 !LICENSE Redistributable under CCAL version 2.0 : see CAreadme.txt

1 0 -10 -49 45 1 0 0 0 1 0 0 0 1 4493c01.dat
1 15 -10 -57 45 1 0 0 0 1 0 0 0 1 4491a.dat
1 8 -41 -59 62.5 1 0 0 0 -1 0 0 0 -1 3847.dat


0 NOFILE
0 FILE 6080 - MiniFig2.ldr
0 MiniFig2
0 Name: 6080 - MiniFig2.ldr
0 Author: Stefan Frenz [smf]
0 !LDRAW_ORG Model
0 !LICENSE Redistributable under CCAL version 2.0 : see CAreadme.txt

1 0 10 -32 1 1 0 0 0 1 0 0 0 1 3815.dat
1 4 10 -20 1 1 0 0 0 1 0 0 0 1 3817.dat
1 4 10 -20 1 1 0 0 0 1 0 0 0 1 3816.dat
1 4 10 -64 1 1 0 0 0 1 0 0 0 1 973p40.dat
1 0 25.552 -55 1 0.985 0.17 0 -0.17 0.985 0 0 0 1 3819.dat
1 0 -5.552 -55 1 0.985 -0.17 0 0.12 0.697 0.707 -0.12 -0.697 0.707 3818.dat
1 14 -13.688 -49.431 -18.547 0.985 -0.12 0.12 0.12 0.993 0.007 -0.12 0.007 0.993 3820.dat
1 14 33.688 -37.24 -8.884 0.968 0.227 -0.11 -0.241 0.704 -0.668 -0.074 0.673 0.736 3820.dat
1 14 10 -90 1 0.986 0 -0.169 0 1 0 0.169 0 0.986 3626ap01.dat
1 8 10 -90 1 0.986 0 -0.169 0 1 0 0.169 0 0.986 4503.dat
1 4 9 -102 8 0.986 0 -0.169 0 1 0 0.169 0 0.986 87692.dat
1 1 10 -66 1 1 0 0 0 1 0 0 0 1 4524.dat
1 8 -13.872 -60.428 -31.059 0.996 -0.011 -0.086 0.086 0.255 0.963 0.011 -0.967 0.255 3849.dat
1 4 -1.469 -199.097 -67.846 0.993 -0.086 -0.086 0.061 0.963 -0.263 0.105 0.255 0.961 4495a.dat
1 7 32.571 -36.609 -25.497 0.974 0.114 0.192 -0.199 0.834 0.514 -0.102 -0.539 0.836 3846p4h.dat


0 NOFILE
0 FILE 6080 - MiniFig3.ldr
0 MiniFig3
0 Name: 6080 - MiniFig3.ldr
0 Author: Stefan Frenz [smf]
0 !LDRAW_ORG Model
0 !LICENSE Redistributable under CCAL version 2.0 : see CAreadme.txt

1 0 10 -32 1 1 0 0 0 1 0 0 0 1 3815.dat
1 1 10 -20 1 1 0 0 0 1 0 0 0 1 3817.dat
1 1 10 -20 1 1 0 0 0 1 0 0 0 1 3816.dat
1 4 10 -64 1 1 0 0 0 1 0 0 0 1 973p40.dat
1 1 25.552 -55 1 0.985 0.17 0 -0.17 0.985 0 0 0 1 3819.dat
1 1 -5.552 -55 1 0.985 -0.17 0 0.12 0.697 0.707 -0.12 -0.697 0.707 3818.dat
1 14 -13.688 -49.431 -18.547 0.985 -0.12 0.12 0.12 0.993 0.007 -0.12 0.007 0.993 3820.dat
1 14 33.688 -37.24 -8.884 0.968 0.227 -0.11 -0.241 0.704 -0.668 -0.074 0.673 0.736 3820.dat
1 14 10 -90 1 0.986 0 -0.169 0 1 0 0.169 0 0.986 3626ap01.dat
1 8 10 -90 1 0.986 0 -0.169 0 1 0 0.169 0 0.986 4503.dat
1 15 9 -102 8 0.986 0 -0.169 0 1 0 0.169 0 0.986 87692.dat
1 1 10 -66 1 1 0 0 0 1 0 0 0 1 4524.dat
1 6 -13.872 -60.428 -31.059 0.996 -0.011 -0.086 0.086 0.255 0.963 0.011 -0.967 0.255 3849.dat
1 14 -1.469 -199.097 -67.846 0.993 -0.086 -0.086 0.061 0.963 -0.263 0.105 0.255 0.961 4495a.dat
1 7 32.571 -36.609 -25.497 0.974 0.114 0.192 -0.199 0.834 0.514 -0.102 -0.539 0.836 3846p4h.dat


0 NOFILE
0 FILE 6080 - MiniFig4.ldr
0 MiniFig4
0 Name: 6080 - MiniFig4.ldr
0 Author: Stefan Frenz [smf]
0 !LDRAW_ORG Model
0 !LICENSE Redistributable under CCAL version 2.0 : see CAreadme.txt

1 0 10 -32 1 1 0 0 0 1 0 0 0 1 3815.dat
1 4 10 -20 1 1 0 0 0 1 0 0 0 1 3817.dat
1 4 10 -20 1 1 0 0 0 1 0 0 0 1 3816.dat
1 4 10 -64 1 1 0 0 0 1 0 0 0 1 973p40.dat
1 0 25.552 -55 1 0.985 0.17 0 -0.17 0.985 0 0 0 1 3819.dat
1 0 -5.552 -55 1 0.985 -0.17 0 0.12 0.697 0.707 -0.12 -0.697 0.707 3818.dat
1 14 -13.688 -49.431 -18.547 0.985 -0.12 0.12 0.12 0.993 0.007 -0.12 0.007 0.993 3820.dat
1 14 33.688 -37.24 -8.884 0.968 0.227 -0.11 -0.241 0.704 -0.668 -0.074 0.673 0.736 3820.dat
1 14 10 -90 1 0.986 0 -0.169 0 1 0 0.169 0 0.986 3626ap01.dat
1 8 10 -90 1 0.986 0 -0.169 0 1 0 0.169 0 0.986 4503.dat
1 1 9 -102 8 0.986 0 -0.169 0 1 0 0.169 0 0.986 87692.dat
1 1 10 -66 1 1 0 0 0 1 0 0 0 1 4524.dat
1 8 -13.872 -60.428 -31.059 0.996 -0.011 -0.086 0.086 0.255 0.963 0.011 -0.967 0.255 3849.dat
1 14 -1.469 -199.097 -67.846 0.993 -0.086 -0.086 0.061 0.963 -0.263 0.105 0.255 0.961 4495a.dat
1 7 32.571 -36.609 -25.497 0.974 0.114 0.192 -0.199 0.834 0.514 -0.102 -0.539 0.836 3846p4h.dat


0 NOFILE
0 FILE 6080 - MiniFig11-12.ldr
0 MiniFig11-12
0 Name: 6080 - MiniFig11-12.ldr
0 Author: Stefan Frenz [smf]
0 !LDRAW_ORG Model
0 !LICENSE Redistributable under CCAL version 2.0 : see CAreadme.txt

1 0 10 -32 1 1 0 0 0 1 0 0 0 1 3815.dat
1 1 10 -20 1 1 0 0 0 1 0 0 0 1 3817.dat
1 1 10 -20 1 1 0 0 0 1 0 0 0 1 3816.dat
1 4 10 -64 1 1 0 0 0 1 0 0 0 1 973p42.dat
1 1 25.552 -55 1 0.984 0.17 0 -0.164 0.95 -0.259 -0.044 0.255 0.965 3819.dat
1 1 -5.552 -55 1 0.985 -0.17 0 0.12 0.697 0.707 -0.12 -0.697 0.707 3818.dat
1 14 -13.688 -49.431 -18.547 0.985 -0.12 0.12 0.12 0.993 0.007 -0.12 0.007 0.993 3820.dat
1 14 33.681 -35.302 -3.947 0.967 0.227 -0.11 -0.214 0.506 -0.835 -0.134 0.831 0.538 3820.dat
1 14 10 -88 1 0.986 0 -0.169 0 1 0 0.169 0 0.986 3626ap01.dat
1 8 10 -88 1 0.986 0 -0.169 0 1 0 0.169 0 0.986 3844.dat
1 0 -14.264 -56.624 -30.041 -0.984 -0.087 -0.146 -0.121 0.958 0.241 0.12 0.254 -0.959 3848.dat
1 7 32.565 -30.395 -19.817 0.974 0.113 0.192 -0.165 0.944 0.28 -0.15 -0.305 0.94 3846p4g.dat


0 NOFILE
0 FILE 6080 - Back Left.ldr
0 Back Left
0 Name: 6080 - Back Left.ldr
0 Author: Stefan Frenz [smf]
0 !LDRAW_ORG Model
0 !LICENSE Redistributable under CCAL version 2.0 : see CAreadme.txt

1 2 -220 0 160 -1 0 0 0 1 0 0 0 -1 210.dat
1 16 -390 0 280 1 0 0 0 1 0 0 0 1 back_left_corner2.ldr
0 STEP
1 16 -250 0 150 1 0 0 0 1 0 0 0 1 back_left_panels.ldr
0 STEP
1 16 -26 0 26 1 0 0 0 1 0 0 0 1 back_left_corner.ldr
0 STEP
1 16 -343 0 157 1 0 0 0 1 0 0 0 1 back_left_sword_hold.ldr
1 0 0 -144 0 1 0 0 0 1 0 0 0 1 3831.dat
0 STEP
1 7 -380 -144 160 0 0 1 0 1 0 -1 0 0 3030.dat
1 7 -260 -144 70 1 0 0 0 1 0 0 0 1 3460.dat
1 7 -120 -144 70 1 0 0 0 1 0 0 0 1 3666.dat
1 7 -30 -152 10 1 0 0 0 1 0 0 0 1 3623.dat
0 STEP
1 16 -440 -144 190 1 0 0 0 1 0 0 0 1 back_left_mid2.ldr
1 16 -250 -144 40 1 0 0 0 1 0 0 0 1 back_left_mid1.ldr
1 16 -320 -152 50 1 0 0 0 1 0 0 0 1 back_left_col.ldr
1 7 -380 -152 150 1 0 0 0 1 0 0 0 1 3710.dat
1 7 -30 -176 10 1 0 0 0 1 0 0 0 1 3622.dat
1 7 -50 -200 20 0 0 1 0 1 0 -1 0 0 3004.dat
1 7 -10 -200 10 0 0 1 0 1 0 -1 0 0 3005.dat
0 STEP
1 16 -390 -152 90 1 0 0 0 1 0 0 0 1 back_left_panels_upper.ldr
0 STEP
1 16 -406.214 -296 89.536 1 0 0 0 1 0 0 0 1 back_left_upper.ldr
0 STEP
0 STEP
0 STEP
0 STEP
0 STEP
0 STEP
0 STEP
0 STEP


0 NOFILE
0 FILE 6080 - Back Right.ldr
0 Back Right
0 Name: 6080 - Back Right.ldr
0 Author: Stefan Frenz [smf]
0 !LDRAW_ORG Model
0 !LICENSE Redistributable under CCAL version 2.0 : see CAreadme.txt

1 2 -220 0 -160 -1 0 0 0 1 0 0 0 -1 210.dat
1 16 -390 0 -290 1 0 0 0 1 0 0 0 1 back_right_front_front.ldr
0 STEP
1 16 -360 0 -124 1 0 0 0 1 0 0 0 1 back_right_room.ldr
1 16 -26 0 -26 1 0 0 0 1 0 0 0 1 back_right_corner.ldr
1 16 -250 0 -150 1 0 0 0 1 0 0 0 1 back_right_outer_walls.ldr
0 STEP
1 7 -380 -144 -160 0 0 -1 0 1 0 1 0 0 3030.dat
1 7 -260 -144 -70 -1 0 0 0 1 0 0 0 -1 3460.dat
1 7 -120 -144 -70 -1 0 0 0 1 0 0 0 -1 3666.dat
1 0 0 -144 0 -1 0 0 0 1 0 0 0 -1 3830.dat
0 STEP
1 16 -440 -144 -190 1 0 0 0 1 0 0 0 1 back_right_second_1.ldr
1 16 -250 -144 -40 1 0 0 0 1 0 0 0 1 back_right_second_2.ldr
1 7 -380 -152 -150 -1 0 0 0 1 0 0 0 -1 3710.dat
1 7 -30 -152 -10 -1 0 0 0 1 0 0 0 -1 3623.dat
0 STEP
1 7 -350 -176 -150 -1 0 0 0 1 0 0 0 -1 3005.dat
1 16 -390 -152 -80 1 0 0 0 1 0 0 0 1 back_right_other_panel.ldr
1 7 -30 -176 -10 -1 0 0 0 1 0 0 0 -1 3622.dat
0 STEP
1 16 -390 -152 -140 1 0 0 0 1 0 0 0 1 back_right_panel_second.ldr
1 7 -50 -200 -20 0 0 -1 0 1 0 1 0 0 3004.dat
1 7 -10 -200 -10 0 0 -1 0 1 0 1 0 0 3005.dat
0 STEP
1 16 -406.214 -296 -62.257 1 0 0 0 1 0 0 0 1 back_right_top.ldr
0 STEP
0 STEP
0 STEP
0 STEP
0 STEP


0 NOFILE
0 FILE 6080 - Prison Bar.ldr
0 Prison Bar
0 Name: 6080 - Prison Bar.ldr
0 Author: Stefan Frenz [smf]
0 !LDRAW_ORG Model
0 !LICENSE Redistributable under CCAL version 2.0 : see CAreadme.txt

1 0 0 -8 0 1 0 0 0 1 0 0 0 1 4162.dat
1 0 -60 0 0 1 0 0 0 1 0 0 0 1 3023.dat
1 0 60 0 0 1 0 0 0 1 0 0 0 1 3023.dat


0 NOFILE
0 FILE 6080 - Drawbridge.ldr
0 Drawbridge
0 Name: 6080 - Drawbridge.ldr
0 Author: Stefan Frenz [smf]
0 !LDRAW_ORG Model
0 !LICENSE Redistributable under CCAL version 2.0 : see CAreadme.txt

1 0 80 14 0 1 0 0 0 1 0 0 0 1 3033.dat
1 0 0 -10 50 1 0 0 0 1 0 0 0 1 3700.dat
1 0 0 -10 -50 1 0 0 0 1 0 0 0 1 3700.dat
0 STEP
1 7 0 0 60 0 0 -1 0 1 0 1 0 0 3673.dat
1 7 0 0 -60 0 0 -1 0 1 0 1 0 0 3673.dat
1 0 200 22 0 0 0 -1 0 1 0 1 0 0 3032.dat
0 STEP
1 0 170 6 50 0 0 -1 0 1 0 1 0 0 4081a.dat
1 0 170 6 -50 0 0 -1 0 1 0 1 0 0 4081a.dat


0 NOFILE
0 FILE 6080 - Sarrasin.ldr
0 Sarrasin
0 Name: 6080 - Sarrasin.ldr
0 Author: Stefan Frenz [smf]
0 !LDRAW_ORG Model
0 !LICENSE Redistributable under CCAL version 2.0 : see CAreadme.txt

1 0 0 0 0 1 0 0 0 1 0 0 0 1 3666.dat
1 0 -120 0 0 1 0 0 0 1 0 0 0 1 3666.dat
1 0 -40 0 -40 1 0 0 0 1 0 0 0 1 4477.dat
1 0 -40 0 40 1 0 0 0 1 0 0 0 1 4477.dat
0 STEP
1 0 30 -8 30 0 0 1 0 1 0 -1 0 0 3710.dat
1 0 -10 -8 -30 0 0 1 0 1 0 -1 0 0 3710.dat
1 0 -50 -8 30 0 0 1 0 1 0 -1 0 0 3710.dat
1 0 -90 -8 -30 0 0 1 0 1 0 -1 0 0 3710.dat
1 0 -130 -8 30 0 0 1 0 1 0 -1 0 0 3710.dat
0 STEP
1 0 -130 -8 -40 0 0 1 0 1 0 -1 0 0 3623.dat
1 0 -90 -8 40 0 0 1 0 1 0 -1 0 0 3623.dat
1 0 -50 -8 -40 0 0 1 0 1 0 -1 0 0 3623.dat
1 0 -10 -8 40 0 0 1 0 1 0 -1 0 0 3623.dat
1 0 30 -8 -40 0 0 1 0 1 0 -1 0 0 3623.dat
1 0 -150 -8 0 0 0 1 0 1 0 -1 0 0 3024.dat
1 0 -170 -8 0 0 0 1 0 1 0 -1 0 0 4081a.dat
0 STEP
1 0 -130 0 20 0 0 1 0 1 0 -1 0 0 3024.dat
1 0 -130 0 -20 0 0 1 0 1 0 -1 0 0 3024.dat
1 0 -90 0 20 0 0 1 0 1 0 -1 0 0 3024.dat
1 0 -90 0 -20 0 0 1 0 1 0 -1 0 0 3024.dat
1 0 -50 0 20 0 0 1 0 1 0 -1 0 0 3024.dat
1 0 -50 0 -20 0 0 1 0 1 0 -1 0 0 3024.dat
1 0 -10 0 20 0 0 1 0 1 0 -1 0 0 3024.dat
1 0 -10 0 -20 0 0 1 0 1 0 -1 0 0 3024.dat
1 0 30 0 20 0 0 1 0 1 0 -1 0 0 3024.dat
1 0 30 0 -20 0 0 1 0 1 0 -1 0 0 3024.dat
0 STEP
1 0 -130 8 0 0 0 1 0 1 0 -1 0 0 3623.dat
1 0 -90 8 0 0 0 1 0 1 0 -1 0 0 3623.dat
1 0 -50 8 0 0 0 1 0 1 0 -1 0 0 3623.dat
1 0 -10 8 0 0 0 1 0 1 0 -1 0 0 3623.dat
1 0 30 8 0 0 0 1 0 1 0 -1 0 0 3623.dat


0 NOFILE
0 FILE 6080 - Flag.ldr
0 Flag
0 Name: 6080 - Flag.ldr
0 Author: Stefan Frenz [smf]
0 !LDRAW_ORG Model
0 !LICENSE Redistributable under CCAL version 2.0 : see CAreadme.txt

1 0 0 0 0 1 0 0 0 1 0 0 0 1 3957a.dat
1 4 0 -79 0 0.5 0 0.866 0 1 0 -0.866 0 0.5 4495a.dat
1 14 0 -54 0 0.5 0 0.866 0 1 0 -0.866 0 0.5 4495a.dat

0 NOFILE
0 FILE top_chain.ldr
0 
0 Name: top_chain.ldr
0 Author: 
1 7 -40.0894 -101.1686 1.0835 -0.000305 -0.01745 0.999848 0.01745 0.999695 0.017452 -0.999848 0.017452 0 30104k01.dat
1 7 25.0006 -26.0036 -2.4564 0 0.587785 0.809017 0 0.809017 -0.587785 -1 0 0 60169k02.dat
1 7 16.5768 -37.5571 -2.2278 -0.794261 0.601815 0.08348 0.598518 0.798636 -0.062907 -0.104529 0 -0.994522 60169k02.dat
1 7 8.1911 -47.769 -1.4152 0 0.587785 0.809017 0 0.809017 -0.587785 -1 0 0 60169k02.dat
1 7 1.0118 -57.4959 -1.308 -0.834306 0.544944 0.083481 0.54135 0.838441 -0.062908 -0.104275 -0.007292 -0.994522 60169k02.dat
1 7 36.9784 -11.6031 -4.7155 0.82277 0.001889 -0.568372 -0.568069 0.035534 -0.822213 0.018643 0.999367 0.030309 60169k01.dat
1 7 -6.8705 -69.014 -1.2636 -0.155806 0.481914 0.862255 -0.036613 0.869498 -0.492578 -0.987109 -0.108317 -0.117829 60169k02.dat
1 7 -12.7931 -79.7999 -0.3619 -0.66578 0.45475 -0.591557 0.353413 0.890434 0.28675 0.657142 -0.018152 -0.753548 60169k02.dat
1 7 -18.1999 -91.3755 0.0107 -0.73174 0.456459 0.506164 0.30886 0.88407 -0.35075 -0.607587 -0.100324 -0.787891 60169k02.dat
0 NOFILE
0 FILE top_chain_right.ldr
0 
0 Name: top_chain_right.ldr
0 Author: 
1 7 -39.442 -99.2708 -1.5354 0.069127 -0.036069 0.996956 0.018659 0.999218 0.034856 -0.997434 0.016192 0.069745 30104k01.dat
1 7 25.921 -25.4433 2.0966 0.14891 0.687425 0.710826 0.137422 0.697479 -0.703306 -0.979255 0.202413 0.009394 60169k02.dat
1 7 16.3484 -34.1981 0.1203 -0.774461 0.607989 0.174813 0.612621 0.789708 -0.032508 -0.157816 0.081917 -0.984065 60169k02.dat
1 7 8.369 -44.4444 -0.6306 0.069746 0.572145 0.817181 0.001217 0.819127 -0.573611 -0.997564 0.041002 0.056434 60169k02.dat
1 7 0.9574 -54.8863 -1.054 -0.834322 0.52941 0.153727 0.52687 0.847809 -0.060235 -0.162219 0.030739 -0.986276 60169k02.dat
1 7 36.5076 -11.1123 5.1915 -0.829254 0.087753 -0.551939 0.553681 -0.005286 -0.832712 -0.07599 -0.996128 -0.044203 60169k01.dat
1 7 -6.7066 -66.5399 -1.5596 -0.085917 0.473047 0.876838 -0.038119 0.877887 -0.477349 -0.995573 -0.074437 -0.057395 60169k02.dat
1 7 -12.4885 -77.4283 -1.0732 -0.716058 0.439299 -0.542473 0.340969 0.898238 0.277325 0.609099 0.013614 -0.792977 60169k02.dat
1 7 -17.7053 -89.0968 -1.0787 -0.69286 0.446846 0.565928 0.296814 0.892004 -0.340926 -0.65715 -0.068239 -0.750664 60169k02.dat
0 NOFILE
0 FILE pillar_left.ldr
0 
0 Name: pillar_left.ldr
0 Author: 
1 7 7 -72 0 0 0 1 0 1 0 -1 0 0 3684a.dat
0 STEP
1 7 7 -80 10 -1 0 0 0 1 0 0 0 -1 4085a.dat
1 7 7 -80 -10 -1 0 0 0 1 0 0 0 -1 3024.dat
0 STEP
1 7 7 -104 0 0 0 -1 0 1 0 1 0 0 3004.dat
0 STEP
1 7 7 -112 0 0 0 1 0 1 0 -1 0 0 3023.dat
1 8 7 -68 30 0 0 1 0 -1 0 1 0 0 3847.dat
0 STEP
1 7 7 -136 10 -1 0 0 0 1 0 0 0 -1 3665a.dat
1 7 7 -136 -10 1 0 0 0 1 0 0 0 1 3665a.dat
0 NOFILE
0 FILE pillar_right.ldr
0 
0 Name: pillar_right.ldr
0 Author: 
1 7 7 -72 0 0 0 1 0 1 0 -1 0 0 3684a.dat
0 STEP
1 7 7 -80 10 -1 0 0 0 1 0 0 0 -1 3024.dat
1 7 7 -80 -10 1 0 0 0 1 0 0 0 1 4085a.dat
0 STEP
1 7 7 -104 0 0 0 -1 0 1 0 1 0 0 3004.dat
0 STEP
1 7 7 -112 0 0 0 1 0 1 0 -1 0 0 3023.dat
1 8 7 -68 -30 0 0 1 0 -1 0 1 0 0 3847.dat
0 STEP
1 7 7 -136 10 -1 0 0 0 1 0 0 0 -1 3665a.dat
1 7 7 -136 -10 1 0 0 0 1 0 0 0 1 3665a.dat
0 NOFILE
0 FILE front_back_wall_left.ldr
0 
0 Name: front_back_wall_left.ldr
0 Author: 
1 7 -66 -24 36 -1 0 0 0 1 0 0 0 -1 3831.dat
1 7 -36 -24 -4 0 0 -1 0 1 0 1 0 0 3004.dat
1 7 54 -24 -14 1 0 0 0 1 0 0 0 1 3004.dat
0 STEP
1 7 -36 -48 16 0 0 -1 0 1 0 1 0 0 3004.dat
1 7 -56 -48 26 0 0 -1 0 1 0 1 0 0 3005.dat
0 STEP
1 7 -46 -72 26 -1 0 0 0 1 0 0 0 -1 3004.dat
1 7 -36 -72 6 0 0 -1 0 1 0 1 0 0 3005.dat
0 STEP
1 7 -56 -96 26 0 0 -1 0 1 0 1 0 0 3005.dat
1 7 -36 -96 16 0 0 -1 0 1 0 1 0 0 3004.dat
0 STEP
1 7 -46 -120 26 -1 0 0 0 1 0 0 0 -1 3004.dat
1 7 -36 -120 6 0 0 -1 0 1 0 1 0 0 3005.dat
1 7 4 -144 -14 -1 0 0 0 1 0 0 0 -1 4444.dat
0 NOFILE
0 FILE front_back_wall_right.ldr
0 
0 Name: front_back_wall_right.ldr
0 Author: 
1 7 -66 -24 -36 1 0 0 0 1 0 0 0 1 3830.dat
1 7 54 -24 14 -1 0 0 0 1 0 0 0 -1 3004.dat
1 7 -36 -24 4 0 0 -1 0 1 0 1 0 0 3004.dat
0 STEP
1 7 -36 -48 -16 0 0 -1 0 1 0 1 0 0 3004.dat
1 7 -56 -48 -26 0 0 -1 0 1 0 1 0 0 3005.dat
0 STEP
1 7 -46 -72 -26 -1 0 0 0 1 0 0 0 -1 3004.dat
1 7 -36 -72 -6 0 0 -1 0 1 0 1 0 0 3005.dat
0 STEP
1 7 -56 -96 -26 0 0 -1 0 1 0 1 0 0 3005.dat
1 7 -36 -96 -16 0 0 -1 0 1 0 1 0 0 3004.dat
0 STEP
1 7 -46 -120 -26 -1 0 0 0 1 0 0 0 -1 3004.dat
1 7 -36 -120 -6 0 0 -1 0 1 0 1 0 0 3005.dat
1 7 4 -144 14 1 0 0 0 1 0 0 0 1 4444.dat
0 NOFILE
0 FILE draw_bridge_full.ldr
0 
0 Name: draw_bridge_full.ldr
0 Author: 
1 7 -102.565 -24.37 80 -1 0 0 0 1 0 0 0 -1 3001.dat
1 7 -102.565 -24.37 -80 -1 0 0 0 1 0 0 0 -1 3001.dat
1 0 -82.565 -38.37 0 0.999 -0.035 0 0.035 0.999 0 0 0 1 6080 - Drawbridge.ldr
0 STEP
1 7 -92.565 -48.37 90 0 0 -1 0 1 0 1 0 0 3040b.dat
1 7 -92.565 -48.37 -90 0 0 -1 0 1 0 1 0 0 3040b.dat
1 7 -132.565 -48.37 80 0 0 -1 0 1 0 1 0 0 3004.dat
1 7 -132.565 -48.37 -80 0 0 -1 0 1 0 1 0 0 3004.dat
1 7 -82.565 -48.37 70 -1 0 0 0 1 0 0 0 -1 3700.dat
1 7 -82.565 -48.37 -70 1 0 0 0 1 0 0 0 1 3700.dat
0 STEP
1 7 -92.565 -72.37 90 0 0 -1 0 1 0 1 0 0 3005.dat
1 7 -92.565 -72.37 -90 0 0 -1 0 1 0 1 0 0 3005.dat
1 7 -92.565 -72.37 70 0 0 -1 0 1 0 1 0 0 3062b.dat
1 7 -92.565 -72.37 -70 0 0 -1 0 1 0 1 0 0 3062b.dat
1 0 -132.565 -72.37 -80 0 0 -1 0 1 0 1 0 0 3004.dat
1 0 -132.565 -72.37 80 0 0 -1 0 1 0 1 0 0 3004.dat
0 STEP
1 7 -132.565 -96.37 90 0 0 -1 0 1 0 1 0 0 3005.dat
1 7 -132.565 -96.37 -90 0 0 -1 0 1 0 1 0 0 3005.dat
1 16 -139.565 -72.37 70 1 0 0 0 1 0 0 0 1 small_stack_left.ldr
1 16 -139.565 -72.37 -70 1 0 0 0 1 0 0 0 1 small_stack_right.ldr
0 STEP
1 0 -132.565 -120.37 80 0 0 -1 0 1 0 1 0 0 3004.dat
1 0 -132.565 -120.37 -80 0 0 -1 0 1 0 1 0 0 3004.dat
1 7 -92.565 -96.37 80 0 0 -1 0 1 0 1 0 0 3004.dat
1 7 -92.565 -96.37 -80 0 0 -1 0 1 0 1 0 0 3004.dat
0 STEP
1 0 -152.565 -74.37 70 1 0 0 0 1 0 0 0 1 3848.dat
1 0 -152.565 -74.37 -70 -1 0 0 0 1 0 0 0 -1 3848.dat
1 7 -92.565 -120.37 90 -1 0 0 0 1 0 0 0 -1 3665a.dat
1 7 -92.565 -120.37 70 0 0 -1 0 1 0 1 0 0 3062b.dat
1 7 -92.565 -120.37 -70 0 0 -1 0 1 0 1 0 0 3062b.dat
1 7 -92.565 -120.37 -90 1 0 0 0 1 0 0 0 1 3665a.dat
0 NOFILE
0 FILE front_front_wall_left.ldr
0 
0 Name: front_front_wall_left.ldr
0 Author: 
1 7 0 -24 -10 0 0 -1 0 1 0 1 0 0 3004.dat
0 STEP
1 7 0 -144 -60 0 0 -1 0 1 0 1 0 0 4444.dat
1 7 0 -144 40 0 0 -1 0 1 0 1 0 0 4444.dat
0 STEP
1 0 0 -144 -10 0 0 -1 0 1 0 1 0 0 3660.dat
1 0 0 -144 80 0 0 -1 0 1 0 1 0 0 3676.dat
1 7 0 -144 -100 -1 0 0 0 1 0 0 0 -1 3622.dat
0 NOFILE
0 FILE front_front_wall_right.ldr
0 
0 Name: front_front_wall_right.ldr
0 Author: 
1 7 0 -24 10 0 0 -1 0 1 0 1 0 0 3004.dat
0 STEP
1 7 0 -144 -40 0 0 -1 0 1 0 1 0 0 4444p02.dat
1 7 0 -144 60 0 0 -1 0 1 0 1 0 0 4444.dat
0 STEP
1 0 0 -144 -80 1 0 0 0 1 0 0 0 1 3676.dat
1 0 0 -144 10 0 0 -1 0 1 0 1 0 0 3660.dat
1 7 0 -144 100 1 0 0 0 1 0 0 0 1 3622.dat
0 NOFILE
0 FILE front_right_mid_platform.ldr
0 
0 Name: front_right_mid_platform.ldr
0 Author: 
1 7 -10 -32 80 -1 0 0 0 1 0 0 0 -1 3010.dat
1 7 50 -32 90 -1 0 0 0 1 0 0 0 -1 3003.dat
1 7 50 -16 40 0 0 -1 0 1 0 1 0 0 3021.dat
1 7 50 -16 -30 0 0 -1 0 1 0 1 0 0 3020.dat
1 7 30 -16 -90 -1 0 0 0 1 0 0 0 -1 3020.dat
1 7 -40 -16 -90 -1 0 0 0 1 0 0 0 -1 3021.dat
1 7 -10 -8 10 0 0 -1 0 1 0 1 0 0 3035.dat
0 NOFILE
0 FILE front_left_mid_platform.ldr
0 
0 Name: front_left_mid_platform.ldr
0 Author: 
1 7 -10 -8 -10 0 0 -1 0 1 0 1 0 0 3035.dat
1 7 50 -32 -90 -1 0 0 0 1 0 0 0 -1 3003.dat
1 7 -10 -32 -80 -1 0 0 0 1 0 0 0 -1 3010.dat
1 7 50 -16 -40 0 0 -1 0 1 0 1 0 0 3021.dat
1 7 50 -16 30 0 0 -1 0 1 0 1 0 0 3020.dat
1 7 30 -16 90 -1 0 0 0 1 0 0 0 -1 3020.dat
1 7 -40 -16 90 -1 0 0 0 1 0 0 0 -1 3021.dat
0 NOFILE
0 FILE front_front_left_bricks.ldr
0 
0 Name: front_front_left_bricks.ldr
0 Author: 
1 7 -60 -24 90 -1 0 0 0 1 0 0 0 -1 3004.dat
1 7 0 -24 70 -1 0 0 0 1 0 0 0 -1 3009.dat
1 7 70 -24 50 0 0 1 0 1 0 -1 0 0 3622.dat
1 7 70 -24 -40 0 0 1 0 1 0 -1 0 0 3009.dat
0 STEP
1 7 -50 -48 80 0 0 -1 0 1 0 1 0 0 3004.dat
1 7 0 -48 70 -1 0 0 0 1 0 0 0 -1 3004.dat
1 7 60 -48 70 -1 0 0 0 1 0 0 0 -1 3004.dat
1 7 70 -48 20 0 0 -1 0 1 0 1 0 0 3004.dat
1 7 70 -48 -40 0 0 -1 0 1 0 1 0 0 3004.dat
1 7 70 -48 -90 0 0 -1 0 1 0 1 0 0 3005.dat
0 NOFILE
0 FILE front_front_right_bricks.ldr
0 
0 Name: front_front_right_bricks.ldr
0 Author: 
1 7 70 -24 40 0 0 1 0 1 0 -1 0 0 3009.dat
1 7 70 -24 -50 0 0 1 0 1 0 -1 0 0 3622.dat
1 7 0 -24 -70 -1 0 0 0 1 0 0 0 -1 3009.dat
1 7 -60 -24 -90 -1 0 0 0 1 0 0 0 -1 3004.dat
0 STEP
1 7 70 -48 90 0 0 -1 0 1 0 1 0 0 3005.dat
1 7 70 -48 40 0 0 -1 0 1 0 1 0 0 3004.dat
1 7 70 -48 -20 0 0 -1 0 1 0 1 0 0 3004.dat
1 7 60 -48 -70 -1 0 0 0 1 0 0 0 -1 3004.dat
1 7 0 -48 -70 -1 0 0 0 1 0 0 0 -1 3004.dat
1 7 -50 -48 -80 0 0 -1 0 1 0 1 0 0 3004.dat
0 NOFILE
0 FILE front_top_mid.ldr
0 
0 Name: front_top_mid.ldr
0 Author: 
1 7 -70.5084 -24 110 -1 0 0 0 1 0 0 0 -1 3622.dat
1 7 -20.5084 -24 100 -1 0 0 0 1 0 0 0 -1 3003.dat
1 7 -30.5084 -24 70 0 0 -1 0 1 0 1 0 0 3005.dat
1 7 9.4916 -24 80 0 0 -1 0 1 0 1 0 0 3004.dat
1 7 -30.5084 -24 -70 0 0 -1 0 1 0 1 0 0 3005.dat
1 7 -70.5084 -24 -110 -1 0 0 0 1 0 0 0 -1 3622.dat
1 7 -20.5084 -24 -100 -1 0 0 0 1 0 0 0 -1 3003.dat
1 7 9.4916 -24 -80 0 0 -1 0 1 0 1 0 0 3004.dat
0 STEP
1 0 -30.5084 -48 80 0 0 -1 0 1 0 1 0 0 3004.dat
1 0 -30.5084 -48 -80 0 0 -1 0 1 0 1 0 0 3004.dat
1 7 -80.5084 -48 110 -1 0 0 0 1 0 0 0 -1 3004.dat
1 7 -30.5084 -48 110 0 0 -1 0 1 0 1 0 0 3005.dat
1 7 -80.5084 -48 -110 -1 0 0 0 1 0 0 0 -1 3004.dat
1 7 -30.5084 -48 -110 0 0 -1 0 1 0 1 0 0 3005.dat
1 7 -0.5084 -48 90 -1 0 0 0 1 0 0 0 -1 3004.dat
1 7 9.4916 -48 70 0 0 -1 0 1 0 1 0 0 3062b.dat
1 7 9.4916 -48 -70 0 0 -1 0 1 0 1 0 0 3062b.dat
1 7 -0.5084 -48 -90 -1 0 0 0 1 0 0 0 -1 3004.dat
1 7 -10.5084 -48 110 0 0 -1 0 1 0 1 0 0 3665a.dat
1 7 -10.5084 -48 -110 0 0 -1 0 1 0 1 0 0 3665a.dat
0 STEP
1 7 -90.5084 -72 110 0 0 -1 0 1 0 1 0 0 3005.dat
1 7 -90.5084 -72 -110 0 0 -1 0 1 0 1 0 0 3005.dat
1 7 -50.5084 -72 110 -1 0 0 0 1 0 0 0 -1 4490.dat
1 7 -50.5084 -72 -110 -1 0 0 0 1 0 0 0 -1 4490.dat
1 7 -30.5084 -72 -70 0 0 -1 0 1 0 1 0 0 3005.dat
1 7 -20.5084 -72 -90 -1 0 0 0 1 0 0 0 -1 3004.dat
1 7 9.4916 -72 -100 0 0 -1 0 1 0 1 0 0 3004.dat
1 7 -10.5084 -72 -110 0 0 -1 0 1 0 1 0 0 3005.dat
1 7 -10.5084 -72 110 0 0 -1 0 1 0 1 0 0 3005.dat
1 7 -20.5084 -72 90 -1 0 0 0 1 0 0 0 -1 3004.dat
1 7 -30.5084 -72 70 0 0 -1 0 1 0 1 0 0 3005.dat
1 7 9.4916 -72 100 0 0 -1 0 1 0 1 0 0 3004.dat
0 STEP
1 7 -70.5084 -96 110 0 0 1 0 1 0 -1 0 0 3040b.dat
1 7 -20.5084 -96 110 1 0 0 0 1 0 0 0 1 3010.dat
1 7 -30.5084 -96 80 0 0 1 0 1 0 -1 0 0 3747a.dat
1 7 -30.5084 -96 -80 0 0 1 0 1 0 -1 0 0 3747a.dat
1 7 -10.5084 -96 90 0 0 -1 0 1 0 1 0 0 3005.dat
1 7 -10.5084 -96 -90 0 0 -1 0 1 0 1 0 0 3005.dat
1 7 9.4916 -96 90 0 0 -1 0 1 0 1 0 0 3665a.dat
1 7 9.4916 -96 -90 0 0 -1 0 1 0 1 0 0 3665a.dat
1 7 -70.5084 -96 -110 0 0 1 0 1 0 -1 0 0 3040b.dat
1 7 -20.5084 -96 -110 1 0 0 0 1 0 0 0 1 3010.dat
0 STEP
1 7 -10.5084 -120 100 1 0 0 0 1 0 0 0 1 3002.dat
1 7 -10.5084 -120 -100 1 0 0 0 1 0 0 0 1 3002.dat
1 7 9.4916 -96 0 0 0 -1 0 1 0 1 0 0 3308.dat
1 16 52.2493 -4.8851 51.4376 1 0 0 0 1 0 0 0 1 top_chain_right.ldr
1 16 49.8722 -3.1182 -49.963 1 0 0 0 1 0 0 0 1 top_chain.ldr
0 STEP
1 7 -60.5084 -120 100 0 0 -1 0 1 0 1 0 0 3003.dat
1 7 -70.5084 -120 70 0 0 -1 0 1 0 1 0 0 3005.dat
1 7 -70.5084 -120 -70 0 0 -1 0 1 0 1 0 0 3005.dat
1 7 -50.5084 -120 70 0 0 -1 0 1 0 1 0 0 3040b.dat
1 7 -50.5084 -120 -70 0 0 -1 0 1 0 1 0 0 3040b.dat
1 7 -60.5084 -120 -100 0 0 -1 0 1 0 1 0 0 3003.dat
1 7 9.4916 -120 50 0 0 -1 0 1 0 1 0 0 4490.dat
1 7 9.4916 -120 0 0 0 -1 0 1 0 1 0 0 3660.dat
1 7 9.4916 -120 -50 0 0 -1 0 1 0 1 0 0 4490.dat
1 7 29.4916 -120 90 0 0 -1 0 1 0 1 0 0 3005.dat
1 7 29.4916 -120 -90 0 0 -1 0 1 0 1 0 0 3005.dat
0 STEP
1 7 -70.5084 -144 110 0 0 -1 0 1 0 1 0 0 3005.dat
1 7 -70.5084 -144 -110 0 0 -1 0 1 0 1 0 0 3005.dat
1 7 -60.5084 -128 0 0 0 -1 0 1 0 1 0 0 3832.dat
1 7 9.4916 -144 60 0 0 -1 0 1 0 1 0 0 3009.dat
1 7 9.4916 -144 -60 0 0 -1 0 1 0 1 0 0 3009.dat
0 STEP
1 7 29.4916 -144 10 -1 0 0 0 1 0 0 0 -1 3665a.dat
1 7 29.4916 -144 -10 1 0 0 0 1 0 0 0 1 3665a.dat
1 7 29.4916 -144 -90 0 0 -1 0 1 0 1 0 0 4070.dat
1 7 29.4916 -144 90 0 0 -1 0 1 0 1 0 0 4070.dat
0 STEP
1 7 9.4916 -168 90 0 0 -1 0 1 0 1 0 0 3040b.dat
1 7 9.4916 -168 -90 0 0 -1 0 1 0 1 0 0 3040b.dat
1 7 9.4916 -168 0 0 0 -1 0 1 0 1 0 0 3039.dat
1 7 -30.5084 -264 110 -1 0 0 0 1 0 0 0 -1 4444.dat
1 7 -30.5084 -264 -110 1 0 0 0 1 0 0 0 1 4444.dat
0 STEP
1 7 9.4916 -288 -50 0 0 -1 0 1 0 1 0 0 4444p02.dat
1 7 9.4916 -288 50 0 0 -1 0 1 0 1 0 0 4444p01.dat
1 7 9.4916 -264 -110 0 0 -1 0 1 0 1 0 0 3005.dat
1 7 9.4916 -264 110 0 0 -1 0 1 0 1 0 0 3005.dat
1 7 -70.5084 -264 110 1 0 0 0 1 0 0 0 1 4287a.dat
1 7 -70.5084 -264 -110 -1 0 0 0 1 0 0 0 -1 4287a.dat
0 STEP
1 0 -70.5084 -288 -110 0 0 1 0 1 0 -1 0 0 3665a.dat
1 0 -70.5084 -288 110 0 0 1 0 1 0 -1 0 0 3665a.dat
1 7 -30.5084 -288 110 -1 0 0 0 1 0 0 0 -1 3622.dat
1 7 -30.5084 -288 -110 -1 0 0 0 1 0 0 0 -1 3622.dat
1 0 9.4916 -288 100 0 0 -1 0 1 0 1 0 0 3660.dat
1 0 9.4916 -288 0 0 0 -1 0 1 0 1 0 0 3660.dat
1 0 9.4916 -288 -100 0 0 -1 0 1 0 1 0 0 3660.dat
1 7 29.4916 -168 -30 0 0 -1 0 1 0 1 0 0 4070.dat
1 7 29.4916 -168 30 0 0 -1 0 1 0 1 0 0 4070.dat
0 NOFILE
0 FILE front_top_top.ldr
0 
0 Name: front_top_top.ldr
0 Author: 
1 7 -40 -8 -17.5 0 0 -1 0 1 0 1 0 0 4477.dat
1 7 -40 -16 -17.5 0 0 -1 0 1 0 1 0 0 3460.dat
1 7 -40 -16 72.5 0 0 1 0 1 0 -1 0 0 4085a.dat
1 7 -40 -16 -107.5 0 0 1 0 1 0 -1 0 0 4085a.dat
1 7 -30 -24 -17.5 0 0 1 0 1 0 -1 0 0 3022.dat
1 7 -10 -24 42.5 0 0 1 0 1 0 -1 0 0 3031.dat
1 7 -10 -24 -77.5 0 0 1 0 1 0 -1 0 0 3031.dat
1 7 40 -48 -7.5 -1 0 0 0 1 0 0 0 -1 3040b.dat
1 7 40 -48 -27.5 1 0 0 0 1 0 0 0 1 3040b.dat
0 STEP
1 7 -30 -48 92.5 -1 0 0 0 1 0 0 0 -1 3010.dat
1 7 60 -48 42.5 0 0 -1 0 1 0 1 0 0 3009.dat
1 7 60 -48 -77.5 0 0 -1 0 1 0 1 0 0 3009.dat
1 7 -10 -48 -127.5 1 0 0 0 1 0 0 0 1 3009.dat
0 STEP
1 7 30 -72 62.5 0 0 -1 0 1 0 1 0 0 73037.dat
1 7 -50 -72 92.5 -1 0 0 0 1 0 0 0 -1 3004.dat
1 7 0 -72 92.5 0 0 -1 0 1 0 1 0 0 3005.dat
1 7 60 -72 92.5 0 0 -1 0 1 0 1 0 0 3005.dat
1 7 60 -72 42.5 0 0 -1 0 1 0 1 0 0 3004.dat
1 7 60 -72 -77.5 0 0 -1 0 1 0 1 0 0 3004.dat
1 7 50 -72 -127.5 -1 0 0 0 1 0 0 0 -1 3004.dat
1 7 0 -72 -127.5 0 0 -1 0 1 0 1 0 0 3005.dat
1 7 -50 -72 -127.5 -1 0 0 0 1 0 0 0 -1 3004.dat
1 7 50 -56 -17.5 0 0 -1 0 1 0 1 0 0 3022.dat
1 7 40 -64 -17.5 0 0 1 0 1 0 -1 0 0 4623.dat
1 7 60 -64 -17.5 0 0 1 0 1 0 -1 0 0 3023.dat
1 7 50 -72 -17.5 0 0 -1 0 1 0 1 0 0 3022.dat
0 NOFILE
0 FILE chain_bottom_left.ldr
0 
0 Name: chain_bottom_left.ldr
0 Author: 
1 7 61.0558 -11.4488 -0.8158 0.792663 0.015951 -0.609451 -0.609638 0.029331 -0.792137 0.005241 0.999443 0.032974 92338-f1.dat
0 !LEOCAD PIECE PIVOT  0.0004 13.0492 -100.792 1 0 0 0 1 0 0 0 1
1 7 -0.1745 -91.1102 -6.4793 0.792663 0.015951 -0.609451 -0.609638 0.029331 -0.792137 0.005241 0.999443 0.032974 92338-f1.dat
0 NOFILE
0 FILE chain_bottom_right.ldr
0 
0 Name: chain_bottom_right.ldr
0 Author: 
1 7 60.0171 -11.3932 -2.2172 -0.801655 -0.03104 -0.596981 0.596441 0.025461 -0.802253 0.040102 -0.999194 -0.001898 92338-f1.dat
0 !LEOCAD PIECE PIVOT  0.0002 3.1506 100.3181 1 0 0 0 1 0 0 0 1
1 7 -0.5917 -91.0335 5.9107 -0.801732 0.076518 -0.592766 0.593801 -0.010896 -0.804538 -0.06802 -0.997009 -0.036701 92338-f1.dat
0 NOFILE
0 FILE small_stack_left.ldr
0 
0 Name: small_stack_left.ldr
0 Author: 
1 7 7 -8 0 0 0 -1 0 1 0 1 0 0 3024.dat
0 STEP
1 7 7 -16 0 0 0 1 0 1 0 -1 0 0 4085a.dat
0 STEP
1 7 7 -24 0 0 0 -1 0 1 0 1 0 0 3024.dat
0 NOFILE
0 FILE small_stack_right.ldr
0 
0 Name: small_stack_right.ldr
0 Author: 
1 7 7 -8 0 0 0 1 0 1 0 -1 0 0 3024.dat
0 STEP
1 7 7 -16 0 0 0 1 0 1 0 -1 0 0 4085a.dat
0 STEP
1 7 7 -24 0 0 0 1 0 1 0 -1 0 0 3024.dat
0 NOFILE
0 FILE back_right_outer_walls.ldr
0 
0 Name: back_right_outer_walls.ldr
0 Author: 
1 7 -180 -24 -10 0 0 -1 0 1 0 1 0 0 3004.dat
1 7 -180 -24 90 0 0 -1 0 1 0 1 0 0 3004.dat
1 7 -90 -24 100 1 0 0 0 1 0 0 0 1 3004.dat
1 7 10 -24 100 1 0 0 0 1 0 0 0 1 3004.dat
1 7 110 -24 100 1 0 0 0 1 0 0 0 1 3004.dat
0 STEP
1 7 -40 -144 100 -1 0 0 0 1 0 0 0 -1 4444.dat
1 7 60 -144 100 -1 0 0 0 1 0 0 0 -1 4444p02.dat
1 7 160 -144 100 -1 0 0 0 1 0 0 0 -1 4444.dat
1 7 -180 -144 -60 0 0 1 0 1 0 -1 0 0 4444.dat
1 7 -180 -144 40 0 0 1 0 1 0 -1 0 0 4444.dat
1 7 -140 -144 100 -1 0 0 0 1 0 0 0 -1 4444.dat
0 STEP
1 0 110 -144 100 -1 0 0 0 1 0 0 0 -1 3660.dat
1 0 10 -144 100 -1 0 0 0 1 0 0 0 -1 3660.dat
1 0 -90 -144 100 -1 0 0 0 1 0 0 0 -1 3660.dat
1 0 -180 -144 100 -1 0 0 0 1 0 0 0 -1 3676.dat
1 0 -180 -144 80 0 0 1 0 1 0 -1 0 0 3665a.dat
1 0 -180 -144 -10 0 0 1 0 1 0 -1 0 0 3660.dat
1 0 -180 -144 -110 0 0 1 0 1 0 -1 0 0 3660.dat
0 NOFILE
0 FILE back_right_corner.ldr
0 
0 Name: back_right_corner.ldr
0 Author: 
1 7 -24 -24 -4 0 0 1 0 1 0 -1 0 0 3622.dat
0 STEP
1 7 26 -24 26 -1 0 0 0 1 0 0 0 -1 3830.dat
0 STEP
1 7 -4 -48 16 1 0 0 0 1 0 0 0 1 3622.dat
1 7 -24 -48 -4 1 0 0 0 1 0 0 0 1 3005.dat
0 STEP
1 7 -24 -72 6 0 0 1 0 1 0 -1 0 0 3004.dat
1 7 6 -72 16 1 0 0 0 1 0 0 0 1 3004.dat
0 STEP
1 7 -24 -96 -4 1 0 0 0 1 0 0 0 1 3005.dat
1 7 -4 -96 16 1 0 0 0 1 0 0 0 1 3622.dat
0 STEP
1 7 -24 -120 6 0 0 1 0 1 0 -1 0 0 3004.dat
1 7 6 -120 16 1 0 0 0 1 0 0 0 1 3004.dat
0 STEP
1 7 -24 -144 -4 0 0 -1 0 1 0 1 0 0 3622.dat
0 NOFILE
0 FILE back_right_room.ldr
0 
0 Name: back_right_room.ldr
0 Author: 
1 7 30 -24 54 1 0 0 0 1 0 0 0 1 3622.dat
1 7 30 -24 -46 1 0 0 0 1 0 0 0 1 3622.dat
0 STEP
1 16 -17 0 -36 1 0 0 0 1 0 0 0 1 door_support.ldr
1 16 20 -24 54 1 0 0 0 1 0 0 0 1 side_of_door_pillar.ldr
0 STEP
1 0 22 -144 -26 1 0 0 0 1 0 0 0 1 3644.dat
1 7 50 -48 54 1 0 0 0 1 0 0 0 1 3005.dat
1 7 50 -48 -46 1 0 0 0 1 0 0 0 1 3005.dat
0 STEP
1 0 33 -41 0 0 -1 0 0 0 -1 1 0 0 6080 - Prison Bar.ldr
0 NOFILE
0 FILE back_right_front_front.ldr
0 
0 Name: back_right_front_front.ldr
0 Author: 
1 7 -30 -24 -20 -1 0 0 0 1 0 0 0 -1 3700.dat
1 7 40 -24 20 0 0 -1 0 1 0 1 0 0 3040b.dat
1 7 -40 -24 20 0 0 -1 0 1 0 1 0 0 3622.dat
1 7 -30 -14 -30 0 0 -1 0 1 0 1 0 0 3673.dat
0 STEP
1 7 50 -24 -10 1 0 0 0 1 0 0 0 1 3003.dat
1 7 -30 -48 -10 1 0 0 0 1 0 0 0 1 3003.dat
0 STEP
1 7 -40 -72 -10 0 0 1 0 1 0 -1 0 0 3660.dat
1 7 30 -48 -10 1 0 0 0 1 0 0 0 1 3003.dat
0 STEP
1 7 0 -144 20 1 0 0 0 1 0 0 0 1 4444.dat
1 7 0 -72 -10 1 0 0 0 1 0 0 0 1 3002.dat
0 STEP
1 7 -30 -96 -10 1 0 0 0 1 0 0 0 1 3001.dat
0 STEP
1 7 -40 -120 -10 1 0 0 0 1 0 0 0 1 3002.dat
0 STEP
1 7 -50 -144 -10 1 0 0 0 1 0 0 0 1 3003.dat
0 NOFILE
0 FILE back_right_panel_second.ldr
0 
0 Name: back_right_panel_second.ldr
0 Author: 
1 7 0 -144 -10 1 0 0 0 1 0 0 0 1 4444.dat
0 STEP
1 0 40 -144 -10 0 0 -1 0 1 0 1 0 0 3665a.dat
1 0 -50 -144 0 0 0 -1 0 1 0 1 0 0 3003.dat
0 NOFILE
0 FILE column.ldr
0 
0 Name: column.ldr
0 Author: 
1 7 0 -24 0 1 0 0 0 1 0 0 0 1 3062b.dat
1 7 0 -48 0 1 0 0 0 1 0 0 0 1 3062b.dat
1 7 0 -72 0 1 0 0 0 1 0 0 0 1 3062b.dat
1 7 0 -96 0 1 0 0 0 1 0 0 0 1 3062b.dat
0 NOFILE
0 FILE column2.ldr
0 
0 Name: column2.ldr
0 Author: 
1 7 -10 -24 0 0 0 -1 0 1 0 1 0 0 3040b.dat
1 7 -10 -48 0 1 0 0 0 1 0 0 0 1 3005.dat
0 STEP
1 7 -10 -72 0 1 0 0 0 1 0 0 0 1 3005.dat
0 STEP
1 7 -10 -96 0 1 0 0 0 1 0 0 0 1 3005.dat
0 STEP
1 7 -10 -120 0 1 0 0 0 1 0 0 0 1 3005.dat
0 NOFILE
0 FILE column3.ldr
0 
0 Name: column3.ldr
0 Author: 
1 7 0 -24 0 1 0 0 0 1 0 0 0 1 3062b.dat
1 7 0 -48 0 1 0 0 0 1 0 0 0 1 3062b.dat
0 STEP
1 7 0 -72 0 1 0 0 0 1 0 0 0 1 3062b.dat
0 STEP
1 7 0 -96 0 1 0 0 0 1 0 0 0 1 3062b.dat
0 NOFILE
0 FILE back_right_other_panel.ldr
0 
0 Name: back_right_other_panel.ldr
0 Author: 
1 7 -60 -144 -10 0 0 1 0 1 0 -1 0 0 4444.dat
1 7 0 -144 50 -1 0 0 0 1 0 0 0 -1 4444.dat
0 STEP
1 0 50 -144 40 0 0 -1 0 1 0 1 0 0 3003.dat
1 0 -50 -144 40 0 0 -1 0 1 0 1 0 0 3003.dat
0 NOFILE
0 FILE column4.ldr
0 
0 Name: column4.ldr
0 Author: 
1 7 0 -24 0 -1 0 0 0 1 0 0 0 -1 3003.dat
1 7 -10 -48 10 1 0 0 0 1 0 0 0 1 3062b.dat
0 STEP
1 7 -10 -72 10 1 0 0 0 1 0 0 0 1 3062b.dat
0 STEP
1 7 -10 -96 10 1 0 0 0 1 0 0 0 1 3062b.dat
0 STEP
1 7 -10 -120 10 1 0 0 0 1 0 0 0 1 3062b.dat
0 NOFILE
0 FILE back_right_second_1.ldr
0 
0 Name: back_right_second_1.ldr
0 Author: 
1 7 0 -8 -100 0 0 1 0 1 0 -1 0 0 3021.dat
1 7 0 -8 30 0 0 1 0 1 0 -1 0 0 3832.dat
0 STEP
1 7 -10 -32 -70 0 0 -1 0 1 0 1 0 0 3009.dat
1 7 -10 -32 30 0 0 -1 0 1 0 1 0 0 3010.dat
1 7 10 -32 40 -1 0 0 0 1 0 0 0 -1 3005.dat
0 STEP
1 7 -10 -56 -120 -1 0 0 0 1 0 0 0 -1 3005.dat
1 7 -10 -56 -70 0 0 1 0 1 0 -1 0 0 3004.dat
1 7 -10 -56 -10 0 0 1 0 1 0 -1 0 0 3004.dat
1 16 -9.9393 -32.0154 40.7384 1 0 0 0 1 0 0 0 1 column.ldr
0 NOFILE
0 FILE back_right_second_2.ldr
0 
0 Name: back_right_second_2.ldr
0 Author: 
1 7 -50 -8 0 1 0 0 0 1 0 0 0 1 4282.dat
1 7 130 -8 0 1 0 0 0 1 0 0 0 1 3022.dat
1 7 180 -8 0 1 0 0 0 1 0 0 0 1 3021.dat
0 STEP
1 16 -190 -8 0 1 0 0 0 1 0 0 0 1 column4.ldr
