0 FILE 8002 - main.ldr
0 main
0 Name: 8002 - main.ldr
0 Author: Philippe Hurbain [Philo]
0 !LDRAW_ORG Model
0 !LICENSE Redistributable under CCAL version 2.0 : see CAreadme.txt

1 6 0 -148 50 1 0 0 0 0.999 -0.035 0 0.035 0.999 8002 - body.ldr



0 FILE 8002 - body2.ldr
0 body2
0 Name: 8002 - body2.ldr
0 Author: Philippe Hurbain [Philo]
0 !LDRAW_ORG Model
0 !LICENSE Redistributable under CCAL version 2.0 : see CAreadme.txt

1 0 0 0 5 0 0 1 1 0 0 0 1 0 32063.dat
1 0 0 0 -5 0 0 1 1 0 0 0 1 0 32063.dat
1 0 -30 0 -10 0 1 0 0 0 1 1 0 0 6628.dat
1 0 30 0 -10 0 1 0 0 0 1 1 0 0 6628.dat
1 0 -10 0 -10 0 1 0 0 0 1 1 0 0 2780.dat
1 0 10 0 -10 0 1 0 0 0 1 1 0 0 2780.dat
1 8 0 -20 -20 1 0 0 0 1 0 0 0 1 32291.dat
1 0 0 -20 -20 1 0 0 0 1 0 0 0 1 32062.dat
0 STEP
1 8 -15 -20 -20 0 -1 0 -1 0 0 0 0 -1 32056.dat
1 0 0 -20 -60 -1 0 0 0 0 1 0 1 0 3706.dat
1 7 0 -20 -60 0 0 -1 -1 0 0 0 1 0 3713.dat
1 7 0 -40 -20 1 0 0 0 0 -1 0 1 0 3673.dat
1 7 -10 -40 20 0 1 0 1 0 0 0 0 -1 2825.dat
1 0 0 -40 20 -1 0 0 0 1 0 0 0 -1 4519.dat
1 7 10 -40 20 0 -1 0 -1 0 0 0 0 -1 2825.dat
0 STEP
1 273 30 0 -12 1 0 0 0 1 0 0 0 1 8002 - rubberBandRound-studio-1.ldr
0 STEP
1 0 0 -60 -20 1 0 0 0 1 0 0 0 1 32062.dat
1 8 0 -60 -20 1 0 0 0 0 1 0 -1 0 6536.dat
1 8 15 -20 -20 0 -1 0 -1 0 0 0 0 -1 32056.dat
1 8 -25 -80 20 0 -1 0 1 0 0 0 0 1 32056.dat
1 0 0 -80 20 1 0 0 0 0 -1 0 1 0 4519.dat
1 0 0 -80 60 -1 0 0 0 0 1 0 1 0 3706.dat
1 7 -35 -80 60 0 0 1 -1 0 0 0 -1 0 32123a.dat
0 STEP
1 6 0 -80 60 1 0 0 0 0 1 0 -1 0 75535.dat
1 6 0 -80 20 1 0 0 0 0 1 0 -1 0 75535.dat
1 8 25 -80 20 0 -1 0 1 0 0 0 0 1 32056.dat
1 7 35 -80 60 0 0 1 -1 0 0 0 -1 0 32123a.dat
1 8 -30 -20 -60 0 1 0 0 0 -1 -1 0 0 32140.dat
1 7 -20 -80 -60 1 0 0 0 0 -1 0 1 0 3749.dat
1 6 0 -80 -60 0 0 1 1 0 0 0 1 0 6538b.dat
1 7 20 -80 -60 -1 0 0 0 0 1 0 1 0 3749.dat
1 8 30 -20 -60 0 1 0 0 0 -1 -1 0 0 32140.dat
0 STEP



0 FILE 8002 - rubberBandRound-studio-1.ldr
0 rubberBandRound-studio-1
0 Name: 8002 - rubberBandRound-studio-1.ldr
0 Author: Philippe Hurbain [Philo]
0 !LDRAW_ORG Model
0 !LICENSE Redistributable under CCAL version 2.0 : see CAreadme.txt

1 16 -5.577851 -0.170486 0.037485 0.909121 1.251057 0.006262 -0.416533 2.730547 0.013586 -0.000034 -0.044936 0.999888 4-4cyli.dat
1 16 -6.391075 -2.003679 0.135775 0.913098 1.223578 0.018108 -0.407739 2.740409 0.03813 -0.000988 -0.126762 0.999109 4-4cyli.dat
1 16 -6.790162 -2.923122 0.208198 0.91586 0.801882 0.027482 -0.401489 1.830075 0.055841 -0.002756 -0.124472 0.998061 4-4cyli.dat
1 16 -7.574826 -4.761337 0.389152 0.918794 1.18028 0.037791 -0.394708 2.75053 0.075841 -0.004804 -0.254122 0.996403 4-4cyli.dat
1 16 -8.339038 -6.602292 0.631069 0.922237 1.150758 0.052129 -0.38652 2.753698 0.101074 -0.009067 -0.340525 0.993512 4-4cyli.dat
1 16 -9.083942 -8.442835 0.929651 0.925218 1.121742 0.067203 -0.37915 2.753831 0.125609 -0.014702 -0.42563 0.989801 4-4cyli.dat
1 16 -9.809741 -10.280951 1.28485 0.927713 1.093071 0.083259 -0.37266 2.750949 0.149718 -0.021768 -0.51042 0.985217 4-4cyli.dat
1 16 -10.516599 -12.114512 1.697255 0.929658 1.064662 0.100558 -0.367171 2.744906 0.173656 -0.030341 -0.59585 0.979659 4-4cyli.dat
1 16 -11.204809 -13.941131 2.167911 0.930942 1.036662 0.119351 -0.362915 2.735388 0.197596 -0.040492 -0.682667 0.972991 4-4cyli.dat
1 16 -11.543234 -14.852301 2.422899 0.931033 0.679797 0.133671 -0.36154 1.817969 0.211234 -0.049659 -0.490457 0.968252 4-4cyli.dat
1 16 -12.207034 -16.664354 2.97367 0.931226 0.99891 0.149103 -0.359791 2.715559 0.230828 -0.058033 -0.806829 0.961502 4-4cyli.dat
1 16 -12.85708 -18.46581 3.576595 0.930199 0.977851 0.169582 -0.360148 2.699418 0.250421 -0.070875 -0.883177 0.953169 4-4cyli.dat
1 16 -13.493392 -20.25187 4.23737 0.927982 0.957201 0.193149 -0.362658 2.677753 0.271675 -0.085609 -0.967707 0.942808 4-4cyli.dat
1 16 -14.12112 -22.023068 4.944549 0.92459 0.9428 0.215922 -0.367528 2.655617 0.28868 -0.100284 -1.040133 0.93276 4-4cyli.dat
1 16 -14.741863 -23.773739 5.707002 0.919355 0.931564 0.242094 -0.37578 2.626607 0.306896 -0.116515 -1.120794 0.920438 4-4cyli.dat
1 16 -15.361606 -25.502843 6.517888 0.912345 0.928126 0.268622 -0.387361 2.594974 0.321952 -0.132582 -1.194883 0.907848 4-4cyli.dat
1 16 -15.98741 -27.205338 7.378907 0.902664 0.934712 0.29727 -0.40384 2.556793 0.335283 -0.148698 -1.269715 0.893989 4-4cyli.dat
1 16 -16.627817 -28.880221 8.282232 0.890661 0.953527 0.325509 -0.424274 2.516107 0.344046 -0.163444 -1.335307 0.880725 4-4cyli.dat
1 16 -17.299774 -30.517146 9.231258 0.873488 0.995095 0.356758 -0.453651 2.462526 0.349486 -0.176692 -1.403141 0.866362 4-4cyli.dat
1 16 -17.657714 -31.317154 9.723126 0.85578 0.696613 0.382826 -0.482412 1.609627 0.347557 -0.186868 -0.965149 0.855949 4-4cyli.dat
1 16 -18.031481 -32.105373 10.220136 0.841783 0.729207 0.398397 -0.505256 1.584469 0.343924 -0.190045 -0.982547 0.850291 4-4cyli.dat
1 16 -18.430258 -32.876943 10.723943 0.82433 0.773357 0.413819 -0.532886 1.553964 0.336881 -0.191082 -0.997395 0.845733 4-4cyli.dat
1 16 -18.86429 -33.626924 11.231526 0.801603 0.83501 0.428318 -0.567278 1.515126 0.324645 -0.188756 -1.00739 0.843296 4-4cyli.dat
1 16 -19.351749 -34.345288 11.737295 0.769198 0.926701 0.440513 -0.612936 1.460187 0.303801 -0.180676 -1.008345 0.84478 4-4cyli.dat
1 16 -19.910922 -35.020315 12.229988 0.724438 1.052808 0.445668 -0.669247 1.384372 0.271855 -0.165221 -0.991359 0.852921 4-4cyli.dat
1 16 -20.584726 -35.616952 12.684126 0.650304 1.248058 0.434096 -0.747472 1.255425 0.21913 -0.135614 -0.934849 0.873809 4-4cyli.dat
1 16 -21.456707 -36.030264 13.017148 0.494364 1.579645 0.364665 -0.865762 0.969987 0.125256 -0.077856 -0.755996 0.922675 4-4cyli.dat
1 16 -22.501609 -36.1018 13.082263 0.211059 1.927305 0.169138 -0.977379 0.420927 0.022823 -0.013591 -0.340585 0.985328 4-4cyli.dat
1 16 -26.52669 -36.000548 13.000457 0.001104 5.007674 0.00092 -0.999999 0.00553 0.000001 0 -0.004608 1 4-4cyli.dat
1 16 -31.544916 -36 13 0 6.009599 0 -1 0 0 0 0 1 4-4cyli.dat
1 16 -36.564114 -36 13 0 6.009599 0 -1 0 0 0 0 1 4-4cyli.dat
1 16 -37.571107 -35.975813 12.980336 -0.016098 2.001489 -0.013087 -0.99987 -0.032226 0.000105 -0.000105 0.0262 0.999914 4-4cyli.dat
1 16 -38.500927 -35.635016 12.710575 -0.233055 1.911399 -0.184592 -0.972214 -0.466558 0.022008 -0.022008 0.369539 0.982569 4-4cyli.dat
1 16 -39.185032 -35.002056 12.231542 -0.508874 1.556165 -0.369859 -0.8565 -1.00154 0.12696 -0.086346 0.763513 0.920372 4-4cyli.dat
1 16 -39.737415 -34.308495 11.732543 -0.648301 1.25574 -0.431556 -0.748538 -1.258751 0.210563 -0.139271 0.919972 0.877167 4-4cyli.dat
1 16 -40.229159 -33.585351 11.232212 -0.718357 1.072915 -0.443541 -0.67528 -1.382206 0.259401 -0.167214 0.972647 0.857894 4-4cyli.dat
1 16 -40.676712 -32.836508 10.732453 -0.761765 0.952662 -0.43961 -0.621745 -1.456779 0.289653 -0.182062 0.988895 0.850202 4-4cyli.dat
1 16 -41.094124 -32.068922 10.236826 -0.790926 0.872442 -0.429548 -0.582039 -1.506342 0.308304 -0.188853 0.988667 0.848786 4-4cyli.dat
1 16 -41.485738 -31.284129 9.747709 -0.813843 0.811407 -0.41639 -0.548626 -1.545678 0.320741 -0.191493 0.979889 0.850732 4-4cyli.dat
1 16 -41.859938 -30.486061 9.266864 -0.831429 0.767917 -0.401976 -0.521878 -1.57638 0.32801 -0.190708 0.965926 0.854883 4-4cyli.dat
1 16 -42.576794 -28.862323 8.330196 -0.849833 1.08886 -0.382603 -0.492434 -2.417639 0.331249 -0.187864 1.411545 0.86249 4-4cyli.dat
1 16 -43.25922 -27.198706 7.436642 -0.869974 1.034551 -0.352885 -0.460275 -2.474954 0.330584 -0.176897 1.351799 0.875321 4-4cyli.dat
1 16 -43.927524 -25.507693 6.58503 -0.884456 1.006816 -0.324645 -0.437101 -2.519171 0.324974 -0.16334 1.289631 0.888256 4-4cyli.dat
1 16 -44.58943 -23.789995 5.783248 -0.896254 0.993634 -0.295478 -0.418183 -2.559951 0.314378 -0.147822 1.217537 0.902141 4-4cyli.dat
1 16 -45.252748 -22.052516 5.02663 -0.904657 0.992704 -0.269036 -0.405116 -2.591766 0.302369 -0.132203 1.149061 0.914436 4-4cyli.dat
1 16 -45.921105 -20.297951 4.315291 -0.910959 0.998564 -0.244221 -0.395612 -2.618585 0.289051 -0.11681 1.081174 0.925638 4-4cyli.dat
1 16 -46.599235 -18.525535 3.659444 -0.915992 1.011446 -0.218127 -0.388349 -2.64532 0.271381 -0.100714 1.001155 0.937429 4-4cyli.dat
1 16 -47.288978 -16.740127 3.052829 -0.91923 1.02792 -0.194714 -0.384238 -2.666186 0.254049 -0.085891 0.926222 0.947389 4-4cyli.dat
1 16 -47.992992 -14.942978 2.499594 -0.92122 1.048307 -0.17193 -0.382379 -2.684422 0.234843 -0.07169 0.847337 0.956707 4-4cyli.dat
1 16 -48.712086 -13.136701 1.997983 -0.922097 1.070446 -0.150813 -0.38247 -2.699008 0.21536 -0.058763 0.769776 0.964819 4-4cyli.dat
1 16 -49.44889 -11.322564 1.55345 -0.921949 1.096068 -0.12987 -0.384497 -2.711308 0.19352 -0.046609 0.685927 0.972463 4-4cyli.dat
1 16 -50.202725 -9.50334 1.161477 -0.921014 1.121577 -0.110994 -0.38785 -2.719849 0.172392 -0.036132 0.606249 0.978755 4-4cyli.dat
1 16 -50.976419 -7.680491 0.829493 -0.919163 1.150467 -0.091934 -0.392982 -2.725919 0.148487 -0.026558 0.5185 0.984632 4-4cyli.dat
1 16 -51.370289 -6.76767 0.683233 -0.917784 0.778797 -0.079575 -0.396569 -1.81809 0.133993 -0.020141 0.309365 0.987782 4-4cyli.dat
1 16 -52.17024 -4.944581 0.430442 -0.915492 1.19171 -0.066938 -0.402041 -2.728821 0.11442 -0.015415 0.395493 0.991175 4-4cyli.dat
1 16 -52.990394 -3.122171 0.236252 -0.912358 1.220099 -0.051193 -0.40928 -2.727165 0.090666 -0.009651 0.311416 0.994565 4-4cyli.dat
1 16 -53.830097 -1.3034 0.100151 -0.908715 1.249184 -0.035999 -0.417385 -2.722487 0.065918 -0.005214 0.225066 0.997175 4-4cyli.dat
1 16 -54.687344 0.510314 0.016606 -0.905011 1.275997 -0.022569 -0.425382 -2.71549 0.042691 -0.002268 0.144895 0.998833 4-4cyli.dat
1 16 -55.564217 2.31645 -0.00743 -0.90068 1.304853 -0.008762 -0.434483 -2.705012 0.01707 -0.000476 0.057619 0.999816 4-4cyli.dat
1 16 -56.068222 3.186355 -0.001022 -0.877554 0.959872 -0.000979 -0.479477 -1.75679 0.001852 0.000028 0.004193 0.999998 4-4cyli.dat
1 16 -56.776299 3.913186 -0.000012 -0.775827 1.263104 -0.000015 -0.630946 -1.553143 0.000019 0 0.000049 1 4-4cyli.dat
1 16 -57.622123 4.477441 0 -0.634053 1.548065 0 -0.77329 -1.269322 0 0 0 1 4-4cyli.dat
1 16 -58.563452 4.861735 0 -0.466999 1.770213 0 -0.884258 -0.934894 0 0 0 1 4-4cyli.dat
1 16 -59.562559 5.050461 0 -0.281152 1.921169 0 -0.959663 -0.562843 0 0 0 1 4-4cyli.dat
1 16 -60.579075 5.038904 0 -0.08591 1.994519 0 -0.996303 -0.171985 0 0 0 1 4-4cyli.dat
1 16 -61.572696 4.820976 0 0.116497 1.988289 0 -0.993191 0.233218 0 0 0 1 4-4cyli.dat
1 16 -62.502993 4.410077 0 0.312347 1.90176 0 -0.949968 0.625293 0 0 0 1 4-4cyli.dat
1 16 -63.332614 3.821792 0 0.49563 1.738735 0 -0.868534 0.992211 0 0 0 1 4-4cyli.dat
1 16 -64.02817 3.079759 0 0.658985 1.505756 0 -0.752156 1.319235 0 0 0 1 4-4cyli.dat
1 16 -64.56204 2.21423 0 0.795614 1.21277 0 -0.605803 1.592756 0 0 0 1 4-4cyli.dat
1 16 -64.911826 1.259291 0 0.900647 0.869939 0 -0.434552 1.803022 0 0 0 1 4-4cyli.dat
1 16 -65.064193 0.253788 0 0.969247 0.492656 0 -0.246092 1.940354 0 0 0 1 4-4cyli.dat
1 16 -65.012838 -0.761926 0 0.998861 0.095534 0 -0.047721 1.999639 0 0 0 1 4-4cyli.dat
1 16 -64.762915 -1.747529 0 0.98861 -0.301295 0 0.150503 1.979117 0 0 0 1 4-4cyli.dat
1 16 -64.317389 -2.66233 0 0.937983 -0.694029 0 0.346682 1.877766 0 0 0 1 4-4cyli.dat
1 16 -63.699209 -3.470237 0 0.849936 -1.054784 0 0.526886 1.701503 0 0 0 1 4-4cyli.dat
1 16 -62.394096 -4.999365 0.027372 0.779834 -1.880252 -0.006839 0.625987 2.342355 0.008518 0.000001 -0.032814 0.99994 4-4cyli.dat
1 16 -61.149449 -6.572724 0.10832 0.783405 -1.865862 -0.020922 0.621511 2.351784 0.027411 -0.000646 -0.103563 0.999405 4-4cyli.dat
1 16 -59.919333 -8.154257 0.238322 0.788275 -1.845563 -0.033667 0.615315 2.363434 0.048232 -0.003144 -0.176433 0.998269 4-4cyli.dat
1 16 -58.703118 -9.741801 0.416624 0.793081 -1.824874 -0.044161 0.609065 2.372968 0.070531 -0.007962 -0.24882 0.996532 4-4cyli.dat
1 16 -57.501394 -11.33404 0.64436 0.798031 -1.803399 -0.052042 0.602405 2.380507 0.095239 -0.015936 -0.322473 0.994093 4-4cyli.dat
1 16 -56.31425 -12.929422 0.921273 0.803153 -1.781651 -0.056106 0.595107 2.385771 0.122599 -0.028155 -0.396069 0.990869 4-4cyli.dat
1 16 -55.141817 -14.526349 1.24756 0.808578 -1.759692 -0.05499 0.58657 2.38867 0.15357 -0.046235 -0.469887 0.986606 4-4cyli.dat
1 16 -53.984068 -16.123112 1.623343 0.814353 -1.737722 -0.04654 0.575814 2.389048 0.189438 -0.072575 -0.543898 0.980789 4-4cyli.dat
1 16 -52.840789 -17.717874 2.048774 0.820309 -1.715992 -0.02734 0.561065 2.386702 0.232154 -0.110899 -0.618124 0.972295 4-4cyli.dat
1 16 -51.712268 -19.308291 2.526814 0.825778 -1.693967 0.008319 0.538432 2.381007 0.285988 -0.167873 -0.69594 0.958197 4-4cyli.dat
1 16 -50.595228 -20.893019 3.048451 0.826971 -1.675833 0.069787 0.503434 2.373065 0.349911 -0.250347 -0.763676 0.93418 4-4cyli.dat
1 16 -49.490787 -22.468518 3.622435 0.815642 -1.657121 0.174331 0.438197 2.36042 0.436463 -0.377772 -0.839893 0.882671 4-4cyli.dat
1 16 -48.942218 -23.252321 3.929935 0.764578 -1.096757 0.339526 0.323804 1.565449 0.532604 -0.557289 -0.595126 0.775277 4-4cyli.dat
1 16 -48.395483 -24.032803 4.245736 0.705434 -1.092467 0.452286 0.228131 1.559464 0.584072 -0.671058 -0.61828 0.674016 4-4cyli.dat
1 16 -47.850369 -24.809731 4.572893 0.609845 -1.088884 0.576403 0.103235 1.552743 0.622692 -0.785768 -0.641097 0.529164 4-4cyli.dat
1 16 -47.306435 -25.582686 4.911232 0.473774 -1.086122 0.693677 -0.044679 1.545219 0.63421 -0.879512 -0.663567 0.341451 4-4cyli.dat
1 16 -46.763162 -26.3512 5.260569 0.309315 -1.084325 0.781632 -0.196857 1.536805 0.609867 -0.930361 -0.685678 0.130824 4-4cyli.dat
1 16 -46.219931 -27.11474 5.620714 0.141946 -1.083671 0.828751 -0.331314 1.527383 0.555089 -0.932782 -0.707417 -0.071047 4-4cyli.dat
1 16 -45.675992 -27.872679 5.991466 -0.005965 -1.084397 0.840565 -0.436525 1.516795 0.485162 -0.899672 -0.728765 -0.240976 4-4cyli.dat
1 16 -44.582487 -29.368258 6.762683 -0.122683 -1.634933 0.829884 -0.519383 2.246149 0.413638 -0.845689 -1.142304 -0.374428 4-4cyli.dat
1 16 -43.470783 -30.830684 7.573112 -0.285943 -1.6577 0.783382 -0.615633 2.199642 0.291146 -0.734324 -1.198606 -0.549133 4-4cyli.dat
1 16 -42.902447 -31.545939 7.991769 -0.384398 -1.12322 0.733101 -0.665739 1.438633 0.200917 -0.639555 -0.822432 -0.649766 4-4cyli.dat
1 16 -42.322261 -32.246636 8.416501 -0.4159 -1.145809 0.706708 -0.689931 1.411071 0.164831 -0.592471 -0.838858 -0.688037 4-4cyli.dat
1 16 -41.727129 -32.932298 8.845128 -0.441163 -1.173214 0.679653 -0.711094 1.381885 0.133636 -0.547467 -0.849498 -0.721258 4-4cyli.dat
1 16 -41.11126 -33.598191 9.275845 -0.460163 -1.209934 0.650359 -0.732608 1.345856 0.106403 -0.501534 -0.855812 -0.752138 4-4cyli.dat
1 16 -40.461838 -34.233561 9.704104 -0.472334 -1.266819 0.613565 -0.75892 1.293235 0.08202 -0.448264 -0.854633 -0.785373 4-4cyli.dat
1 16 -39.772055 -34.832924 10.12183 -0.477236 -1.33948 0.569696 -0.787508 1.227807 0.060629 -0.38997 -0.840218 -0.819616 4-4cyli.dat
1 16 -39.024557 -35.378068 10.516227 -0.4692 -1.440497 0.511945 -0.823081 1.133867 0.041724 -0.319983 -0.804361 -0.858004 4-4cyli.dat
1 16 -38.18367 -35.822789 10.85347 -0.429992 -1.598595 0.421254 -0.8747 0.968999 0.024696 -0.223622 -0.716391 -0.906606 4-4cyli.dat
1 16 -37.230115 -36.099982 11.074304 -0.327906 -1.801779 0.287109 -0.938418 0.691328 0.010781 -0.108851 -0.532296 -0.957837 4-4cyli.dat
1 16 -36.183426 -36.037002 11.029857 -0.07269 -1.993122 0.059041 -0.99734 0.1459 0.001067 -0.005365 -0.117726 -0.998255 4-4cyli.dat
1 16 -31.165803 -35.999937 10.99995 0.000126 -6.009599 -0.000102 -1 -0.000759 0 0 0.000612 -1 4-4cyli.dat
1 16 -26.146554 -36 11 0 -6.009599 0 -1 0 0 0 0 -1 4-4cyli.dat
1 16 -22.130236 -36 11 0 -5.007679 0 -1 0 0 0 0 -1 4-4cyli.dat
1 16 -21.12393 -35.974591 10.979075 0.016908 -2.00144 -0.013924 -0.999857 -0.033848 -0.000118 -0.000118 0.027874 -0.999903 4-4cyli.dat
1 16 -20.178882 -35.653504 10.722511 0.215466 -1.921571 -0.179541 -0.975716 -0.438502 0.00009 -0.039413 0.35066 -0.98375 4-4cyli.dat
1 16 -19.397492 -35.106191 10.309029 0.402174 -1.674155 -0.372695 -0.899942 -0.872742 0.007092 -0.168408 0.66574 -0.927927 4-4cyli.dat
1 16 -18.672275 -34.532687 9.895169 0.458857 -1.518722 -0.462522 -0.850607 -1.051992 0.018049 -0.256744 0.771025 -0.886424 4-4cyli.dat
1 16 -18.019738 -33.899661 9.458107 0.486555 -1.372854 -0.541282 -0.802722 -1.192041 0.032834 -0.344822 0.83785 -0.8402 4-4cyli.dat
1 16 -17.403655 -33.237042 9.018612 0.49132 -1.276154 -0.593501 -0.768037 -1.278136 0.049943 -0.41076 0.863414 -0.803282 4-4cyli.dat
1 16 -16.815969 -32.549835 8.580371 0.485603 -1.206434 -0.633258 -0.739839 -1.339655 0.069495 -0.465648 0.870359 -0.770814 4-4cyli.dat
1 16 -16.244082 -31.847771 8.146151 0.472671 -1.162336 -0.662928 -0.718677 -1.37997 0.091308 -0.509986 0.867376 -0.743095 4-4cyli.dat
1 16 -15.690137 -31.128013 7.717951 0.454693 -1.123839 -0.691452 -0.696732 -1.416977 0.116495 -0.554814 0.858397 -0.712968 4-4cyli.dat
1 16 -15.144748 -30.398419 7.295799 0.430511 -1.099658 -0.71619 -0.678144 -1.442365 0.144959 -0.595634 0.84736 -0.682685 4-4cyli.dat
1 16 -14.083193 -28.902451 6.481446 0.404653 -1.601178 -0.743048 -0.647955 -2.224354 0.178352 -0.645299 1.229444 -0.645036 4-4cyli.dat
1 16 -13.037537 -27.37411 5.70534 0.317807 -1.571792 -0.790694 -0.599202 -2.2743 0.26021 -0.734817 1.174768 -0.554161 4-4cyli.dat
1 16 -12.51859 -26.594984 5.33977 0.169192 -1.038439 -0.838035 -0.519877 -1.54018 0.37125 -0.837319 0.74644 -0.39984 4-4cyli.dat
1 16 -11.998848 -25.815434 4.979252 0.060832 -1.037135 -0.853172 -0.457475 -1.549816 0.437477 -0.887139 0.728083 -0.284098 4-4cyli.dat
1 16 -11.479093 -25.030041 4.631618 -0.074613 -1.036723 -0.852203 -0.368828 -1.560803 0.50607 -0.926498 0.704827 -0.132831 4-4cyli.dat
1 16 -10.958326 -24.240075 4.296067 -0.234914 -1.037934 -0.822195 -0.251839 -1.570542 0.566665 -0.938825 0.68101 0.053724 4-4cyli.dat
1 16 -10.435941 -23.446106 3.972696 -0.404051 -1.040491 -0.752733 -0.111443 -1.579106 0.604468 -0.907922 0.656876 0.260791 4-4cyli.dat
1 16 -9.911447 -22.648609 3.661655 -0.556453 -1.044148 -0.646778 0.035303 -1.58665 0.608766 -0.830129 0.632439 0.459438 4-4cyli.dat
1 16 -9.384429 -21.848012 3.36309 -0.672393 -1.048724 -0.522934 0.167588 -1.593284 0.581801 -0.720973 0.607706 0.622935 4-4cyli.dat
1 16 -8.854533 -21.044711 3.077141 -0.748719 -1.054077 -0.40272 0.273507 -1.599087 0.535863 -0.603833 0.582687 0.74207 4-4cyli.dat
1 16 -7.786254 -19.432748 2.540706 -0.794548 -1.595618 -0.294156 0.360291 -2.41024 0.47578 -0.488758 0.817191 0.828918 4-4cyli.dat
1 16 -6.704029 -17.813444 2.052716 -0.830391 -1.614515 -0.14684 0.454326 -2.420278 0.379987 -0.32255 0.747428 0.913262 4-4cyli.dat
1 16 -5.603896 -16.189087 1.624787 -0.835915 -1.639725 -0.057147 0.507526 -2.428312 0.298165 -0.208959 0.661556 0.952802 4-4cyli.dat
1 16 -4.489619 -14.563412 1.241229 -0.833031 -1.661698 -0.006178 0.535758 -2.431497 0.240276 -0.137919 0.591298 0.970685 4-4cyli.dat
1 16 -3.358813 -12.937777 0.909212 -0.827343 -1.685884 0.022572 0.554494 -2.432089 0.192319 -0.089662 0.515549 0.981073 4-4cyli.dat
1 16 -2.208491 -11.314595 0.637076 -0.820418 -1.714071 0.036048 0.56903 -2.429244 0.148956 -0.055846 0.428703 0.988187 4-4cyli.dat
1 16 -1.628105 -10.503372 0.51508 -0.816746 -1.151692 0.044314 0.575828 -1.617139 0.126056 -0.036722 0.257193 0.991033 4-4cyli.dat
1 16 -0.45624 -8.887041 0.310794 -0.811974 -1.748969 0.04111 0.583093 -2.420875 0.102395 -0.026487 0.321751 0.993894 4-4cyli.dat
1 16 0.733132 -7.276456 0.158922 -0.806279 -1.77344 0.036782 0.591358 -2.411937 0.074601 -0.014509 0.246017 0.996535 4-4cyli.dat
1 16 1.33378 -6.472982 0.099868 -0.802791 -1.191799 0.033345 0.59621 -1.603 0.057993 -0.007824 0.133002 0.99776 4-4cyli.dat
1 16 2.545806 -4.87529 0.021613 -0.797965 -1.809066 0.023341 0.602688 -2.394264 0.038089 -0.004335 0.133553 0.999002 4-4cyli.dat
1 16 3.773903 -3.286959 -0.006444 -0.792466 -1.831773 0.011316 0.609915 -2.379924 0.016571 -0.001139 0.060178 0.999799 4-4cyli.dat
1 16 4.393301 -2.495635 -0.004655 -0.789118 -1.229644 0.00326 0.614241 -1.579727 0.004368 -0.00011 0.010909 0.999985 4-4cyli.dat
1 16 4.858281 -1.599392 0.000926 -0.858231 -1.027511 -0.001176 0.513264 -1.718106 -0.001515 -0.000232 -0.003811 0.999998 4-4cyli.dat
1 16 5.07412 -0.598039 0.000012 -0.949602 -0.62752 -0.000007 0.313459 -1.901026 -0.000022 0 -0.000047 1 4-4cyli.dat
1 16 5.089615 0.426268 0 -0.993517 -0.227584 0 0.113683 -1.988942 0 0 0 1 4-4cyli.dat
1 16 4.902557 1.433265 0 -0.996229 0.173696 0 -0.086765 -1.99437 0 0 0 1 4-4cyli.dat
1 16 4.518274 2.382771 0 -0.958883 0.568149 0 -0.283802 -1.919607 0 0 0 1 4-4cyli.dat
1 16 3.952212 3.236591 0 -0.882969 0.939764 0 -0.469431 -1.767633 0 0 0 1 4-4cyli.dat
1 16 3.227099 3.960362 0 -0.771536 1.273592 0 -0.636185 -1.544554 0 0 0 1 4-4cyli.dat
1 16 2.372064 4.524944 0 -0.629064 1.5562 0 -0.777354 -1.259335 0 0 0 1 4-4cyli.dat
1 16 1.420436 4.905393 0 -0.45985 1.777698 0 -0.887997 -0.920583 0 0 0 1 4-4cyli.dat
1 16 0.413233 5.091269 0 -0.274941 1.924768 0 -0.961461 -0.550411 0 0 0 1 4-4cyli.dat
1 16 -0.610932 5.071651 0 -0.077572 1.995888 0 -0.996987 -0.155293 0 0 0 1 4-4cyli.dat
1 16 -1.610684 4.848061 0 0.122925 1.986737 0 -0.992416 0.246086 0 0 0 1 4-4cyli.dat
1 16 -2.54581 4.429446 0 0.318484 1.897676 0 -0.947928 0.63758 0 0 0 1 4-4cyli.dat
1 16 -3.378682 3.8326 0 0.50124 1.732278 0 -0.865308 1.003442 0 0 0 1 4-4cyli.dat
1 16 -4.079895 3.086253 0 0.660705 1.502733 0 -0.750646 1.322678 0 0 0 1 4-4cyli.dat
1 16 -4.611973 2.209372 0 0.799694 1.201968 0 -0.600407 1.600924 0 0 0 1 4-4cyli.dat
1 16 -4.828266 1.440649 0 0.914958 0.807871 0 -0.403548 1.831673 0 0 0 1 4-4cyli.dat



0 FILE 8002 - body.ldr
0 body
0 Name: 8002 - body.ldr
0 Author: Philippe Hurbain [Philo]
0 !LDRAW_ORG Model
0 !LICENSE Redistributable under CCAL version 2.0 : see CAreadme.txt

1 8 0 -10 -15 0 1 0 -1 0 0 0 0 1 32009.dat
1 7 10 -10 -95 1 0 0 0 0.292 -0.956 0 0.956 0.292 3749.dat
1 0 0 -10 -175 1 0 0 0 0 -1 0 1 0 32062.dat
1 8 20 -10 -195 0 -1 0 1 0 0 0 0 1 8002 - 33299a.dat
1 0 10 -50 -15 1 0 0 0 0 -1 0 1 0 2780.dat
1 0 10 -70 -15 1 0 0 0 0 -1 0 1 0 2780.dat
1 7 10 -90 -15 -1 0 0 0 0 1 0 1 0 3749.dat
1 0 -50 -10 -195 -1 0 0 0 0 1 0 1 0 3707.dat
1 7 0 -10 -195 0 0 -1 0 -1 0 -1 0 0 3713.dat
1 8 -15 -10 -155 0 -1 0 -1 0 0 0 0 -1 32056.dat
1 7 -25 -10 -195 0 0 -1 -1 0 0 0 1 0 32123a.dat
0 STEP
1 8 -50 30 -215 -1 0 0 0 1 0 0 0 -1 8002 - body3.ldr
1 7 -75 -10 -195 0 0 -1 0 1 0 1 0 0 32123a.dat
0 STEP
1 7 -50 10 -135 -1 0 0 0 1 0 0 0 -1 8002 - body2.ldr
1 8 -85 -10 -155 0 -1 0 -1 0 0 0 0 -1 32056.dat
0 STEP
1 0 -50 -52.426 -12.574 -1 0 0 0 1 0 0 0 -1 8002 - body5.ldr
0 STEP
1 8 -100 -10 -15 0 1 0 -1 0 0 0 0 1 32009.dat
1 0 -100 -10 -175 -1 0 0 0 0 1 0 1 0 32062.dat
1 8 -120 -10 -195 0 1 0 -1 0 0 0 0 1 8002 - 33299a.dat
1 0 -110 -50 -15 1 0 0 0 0 -1 0 1 0 2780.dat
1 0 -110 -70 -15 1 0 0 0 0 -1 0 1 0 2780.dat
1 7 -110 -10 -95 -1 0 0 0 0.292 0.956 0 0.956 -0.292 3749.dat
1 7 -110 -90 -15 1 0 0 0 0 -1 0 1 0 3749.dat
0 STEP
1 6 -100 -75.886 -214.114 0 1 0 -0.956 0 0.294 0.294 0 0.956 32271.dat
1 8 -120 -46.458 -118.542 0 1 0 0.411 0 0.911 0.911 0 -0.411 8002 - 33299a.dat
1 7 -110 -64.092 -67.074 1 0 0 0 0.809 -0.588 0 0.588 0.809 2736.dat
1 8 -90 -40.572 -99.428 1 0 0 0 0.809 -0.588 0 0.588 0.809 32002.dat
1 7 -110 -46.458 -118.542 -1 0 0 0 -0.911 0.411 0 0.411 0.911 3749.dat
1 0 -50 -75.886 -214.114 -1 0 0 0 -0.956 0.294 0 0.294 0.956 3706.dat
0 STEP
1 6 -70 -75.886 -214.114 -1 0 0 0 0 1 0 1 0 75535.dat
1 6 -30 -75.886 -214.114 -1 0 0 0 0 1 0 1 0 75535.dat
1 6 0 -75.886 -214.114 0 1 0 -0.956 0 0.294 0.294 0 0.956 32271.dat
1 7 10 -46.458 -118.542 1 0 0 0 -0.911 -0.411 0 0.411 -0.911 3749.dat
1 8 20 -46.458 -118.542 0 -1 0 -0.411 0 0.911 -0.911 0 -0.411 8002 - 33299a.dat
1 7 10 -64.092 -67.074 -1 0 0 0 0.809 0.588 0 0.588 -0.809 2736.dat
1 8 -10 -40.572 -99.428 -1 0 0 0 0.809 0.588 0 0.588 -0.809 32002.dat
0 STEP
1 0 -70 11.213 -47.929 0 -1 0 0.707 0 -0.707 0.707 0 0.707 8002 - rubberBandSquare-Studio-1.ldr
1 0 -70 11.213 -47.929 0 -1 0 0.707 0 -0.707 0.707 0 0.707 8002 - rubberBandSquare-Studio-2.ldr
1 0 -70 13.334 -50.05 0 -1 0 0.707 0 -0.707 0.707 0 0.707 8002 - rubberBandSquare-Studio-3.ldr
1 0 -70 13.334 -50.05 0 -1 0 0.707 0 -0.707 0.707 0 0.707 8002 - rubberBandSquare-Studio-4.ldr
0 STEP
1 8 -120 -10 -95 0 -1 0 -0.26 0 0.965 -0.965 0 -0.26 8002 - 33299a.dat
1 8 20 -10 -95 0 1 0 0.278 0 0.96 0.96 0 -0.278 8002 - 33299a.dat
1 8 20 -10 -55 0 1 0 -0.707 0 0.707 0.707 0 0.707 8002 - 33299a.dat
1 8 -120 -10 -55 0 -1 0 0.707 0 0.707 -0.707 0 0.707 8002 - 33299a.dat
1 6 40 23.327 -66.503 0 0.999 0 0.991 0 0.127 0.127 0 -0.99 32316.dat
1 7 -120 -28.238 -126.762 1 0 0 0 0.411 -0.912 0 0.912 0.411 2736.dat
1 7 20 -28.238 -126.762 -1 0 0 0 -0.911 0.412 0 0.412 0.911 2736.dat
0 STEP
1 6 -140.009 23.343 -66.339 0 0.999 0 0.991 0 0.127 0.127 0 -0.99 32316.dat
1 7 30.012 25.865 -86.306 -1 0 0 0 0.292 0.956 0 0.956 -0.292 3749.dat
1 7 -130.021 25.88 -86.142 1 0 0 0 -0.292 -0.956 0 0.956 -0.292 3749.dat
1 8 10.012 25.865 -86.306 0 0 -1 0.292 0.956 0 0.956 -0.292 0 6538b.dat
1 0 -49.988 25.865 -86.306 1 0 0 0 0.956 0.292 0 -0.292 0.956 3706.dat
1 8 -109.988 25.865 -86.306 0 0 -1 0.292 0.956 0 0.956 -0.292 0 6538b.dat
0 STEP
1 6 -50 45.26 -41.843 1 0 0 0 0.469 -0.883 0 0.883 0.469 8002 - body7.ldr
0 STEP
1 8 -176.955 30 -199.693 0.924 0 0.383 0 1 0 -0.383 0 0.924 8002 - leftleg.ldr
1 8 76.955 30 -199.693 0.924 0 -0.383 0 1 0 0.383 0 0.924 8002 - rightleg.ldr
0 STEP
1 8 -140 30 -215 0 -0.383 -0.924 1 0 0 0 -0.924 0.383 6587.dat
1 8 40 30 -215 0 0.383 -0.924 1 0 0 0 -0.924 -0.383 6587.dat
1 8 -100 50 -215 0 0 1 0 1 0 -1 0 0 32316.dat
1 8 0 50 -215 0 0 1 0 1 0 -1 0 0 32316.dat
1 0 20 60 -215 0 0 1 -1 0 0 0 -1 0 6628.dat
1 0 -120 60 -215 0 0 1 -1 0 0 0 -1 0 6628.dat
1 8 0 60 -215 0 0 1 1 0 0 0 1 0 32002.dat
1 8 -40 60 -215 0 0 1 1 0 0 0 1 0 32002.dat
1 8 -60 60 -215 0 0 1 1 0 0 0 1 0 32002.dat
1 8 -100 60 -215 0 0 1 1 0 0 0 1 0 32002.dat
1 8 -50 65 -215 0 0 1 0 1 0 -1 0 0 32063.dat
1 0 -50 62.145 134.888 1 0 0 0 0.988 -0.155 0 0.155 0.988 32062.dat
1 8 -50 81.905 137.98 -1 0 0 0 0.155 -0.988 0 -0.988 -0.155 32310.dat
0 STEP
1 256 -124 -28.238 -126.762 0 0 1 0.912 0.411 0 -0.411 0.912 0 8002 - rubberBandSquare-Studio-5.ldr
1 256 24 -28.238 -126.762 0 0 1 0.912 0.411 0 -0.411 0.912 0 8002 - rubberBandSquare-Studio-6.ldr
0 STEP
1 8 -50 -290 -95 1 0 0 0 0 -1 0 1 0 8002 - tail.ldr
0 STEP
1 8 15 -100 -15 0 -1 0 0 0 1 -1 0 0 32063.dat
1 8 25 -100 -15 0 -1 0 0 0 1 -1 0 0 32063.dat
1 8 -125 -100 -15 0 -1 0 0 0 1 -1 0 0 32063.dat
1 8 -115 -100 -15 0 -1 0 0 0 1 -1 0 0 32063.dat
0 STEP
1 0 -50 -305 -35 0 1 0 -1 0 0 0 0 1 3737.dat
1 4 -50 -405 -35 1 0 0 0 0 -1 0 1 0 6538b.dat
1 0 -50 -195 -35 0 1 0 0 0 -1 -1 0 0 32034.dat
1 7 -50 -165 -35 0 -1 0 -1 0 0 0 0 -1 3749.dat
1 0 -50 -155 -35 0 0 1 -1 0 0 0 -1 0 32034.dat
1 7 -20 -155 -35 -1 0 0 0 1 0 0 0 -1 2736.dat
1 7 -80 -155 -35 1 0 0 0 1 0 0 0 1 2736.dat
1 8 22 -64.092 -67.074 0.006 -0.957 -0.292 0.342 0.276 -0.898 0.94 -0.094 0.329 32005.dat
1 8 -121.154 -65.16 -67.879 0.006 0.957 0.292 -0.342 0.276 -0.898 -0.94 -0.094 0.329 32005.dat
0 STEP
1 8 -90 -133.34 72.947 1 0 0 0 0.755 0.656 0 -0.656 0.755 8002 - tail4.ldr
0 STEP
1 8 10 -230 -15 0 1 0 -0.675 0 0.738 0.738 0 0.675 32348.dat
1 7 0 -191.606 85.229 1 0 0 0 0.097 0.995 0 -0.995 0.097 3749.dat
1 7 20 -189.653 65.325 1 0 0 0 0.097 0.995 0 -0.995 0.097 4274.dat
1 7 20 -187.699 45.421 1 0 0 0 0.097 0.995 0 -0.995 0.097 4274.dat
1 4 28 -188.672 55.369 0 -1 0 0.097 0 0.995 -0.995 0 0.097 2412b.dat
1 8 -110 -230 -15 0 1 0 -0.675 0 0.738 0.738 0 0.675 32348.dat
1 7 -100 -191.606 85.229 -1 0 0 0 0.097 -0.995 0 -0.995 -0.097 3749.dat
1 7 -120 -189.653 65.325 -1 0 0 0 0.097 -0.995 0 -0.995 -0.097 4274.dat
1 7 -120 -187.699 45.421 -1 0 0 0 0.097 -0.995 0 -0.995 -0.097 4274.dat
1 4 -128 -188.672 55.369 0 1 0 -0.097 0 0.995 0.995 0 0.097 2412b.dat
0 STEP
1 0 30 -86.816 14.411 -1 0 0 0 -0.184 -0.983 0 -0.983 0.184 32062.dat
1 8 60.001 -86.816 14.411 0 0.924 -0.383 -0.983 0.07 0.17 0.184 0.376 0.908 32015.dat
1 0 71.48 -91.911 -12.824 0.383 -0.001 0.924 -0.17 0.983 0.072 -0.908 -0.184 0.376 32062.dat
1 8 75.306 -93.609 -21.901 0.383 0.035 -0.923 -0.17 -0.979 -0.108 -0.908 0.198 -0.369 32291.dat
1 0 81.411 -110.416 -5.176 -0.923 0.183 -0.339 -0.108 -0.967 -0.229 -0.369 -0.175 0.912 2780.dat
1 0 89.062 -113.813 -23.33 -0.923 0.183 -0.339 -0.108 -0.967 -0.229 -0.369 -0.175 0.912 2780.dat
1 6 78.374 -106.481 14.823 0.035 -0.923 0.383 -0.979 -0.108 -0.17 0.198 -0.369 -0.908 32250.dat
1 6 118.209 -118.986 -54.103 -0.035 -0.923 -0.383 0.979 -0.108 0.17 -0.198 -0.369 0.908 32250.dat
1 7 -124.998 -230 -15 0 0 1 -0.738 0.675 0 -0.675 -0.737 0 32123a.dat
0 STEP
1 0 -130 -86.816 14.411 -1 0 0 0 -0.221 -0.975 0 -0.975 0.221 32062.dat
1 8 -160.001 -86.816 14.411 0 -0.924 0.383 0.975 0.084 0.204 -0.22 0.373 0.901 32015.dat
1 0 -171.48 -92.926 -12.614 0.383 0.001 -0.924 0.204 0.975 0.086 0.901 -0.221 0.373 32062.dat
1 8 -175.306 -94.962 -21.621 0.383 -0.035 0.923 0.204 -0.971 -0.122 0.901 0.234 -0.365 32291.dat
1 0 -181.411 -111.132 -4.279 -0.923 -0.183 0.339 0.122 -0.973 -0.195 0.365 -0.138 0.92 2780.dat
1 0 -189.062 -115.205 -22.294 -0.923 -0.183 0.339 0.122 -0.973 -0.195 0.365 -0.138 0.92 2780.dat
1 6 -178.374 -106.451 15.558 -0.035 -0.923 -0.383 -0.971 0.122 -0.204 0.234 0.365 -0.901 32250.dat
1 6 -218.209 -121.525 -52.852 0.035 -0.923 0.383 0.971 0.122 0.204 -0.234 0.365 0.901 32250.dat
1 7 25.002 -230 -15 0 0 1 -0.738 0.675 0 -0.675 -0.737 0 32123a.dat
0 STEP
1 0 -49.983 -410.545 -232.359 1 0 0 0 0.997 -0.076 0 0.076 0.997 8002 - singer.ldr
0 STEP
1 324 -4.983 -410.545 -232.359 0 0 1 0.076 0.997 0 -0.997 0.076 0 8002 - rubberBandRound-studio-2.ldr
1 324 -94.983 -410.546 -232.359 0 0 1 0.076 0.997 0 -0.997 0.076 0 8002 - rubberBandRound-studio-3.ldr
0 STEP
1 8 -246.693 -125.186 -225 0.924 -0.383 0 0.383 0.924 0 0 0 1 8002 - rightarm.ldr
1 0 146.744 -125.182 -224.9 0.924 0.383 -0.001 -0.383 0.924 0 0.001 0 1 8002 - leftarm.ldr



0 FILE 8002 - body3.ldr
0 body3
0 Name: 8002 - body3.ldr
0 Author: Philippe Hurbain [Philo]
0 !LDRAW_ORG Model
0 !LICENSE Redistributable under CCAL version 2.0 : see CAreadme.txt

1 0 0 0 0 1 0 0 0 1 0 0 0 1 3707.dat
1 8 -30 0 0 1 0 0 0 0 1 0 -1 0 6536.dat
1 8 -15 -40 0 0 -1 0 0 0 1 -1 0 0 32056.dat
1 0 0 -40 0 -1 0 0 0 0 1 0 1 0 4519.dat
1 0 0 -40 -40 -1 0 0 0 0 1 0 1 0 32062.dat
0 STEP
1 8 0 -40 -60 0 -1 0 1 0 0 0 0 1 32140.dat
1 7 0 0 0 0 0 1 1 0 0 0 1 0 3713.dat
1 8 15 -40 0 0 -1 0 0 0 1 -1 0 0 32056.dat
1 8 30 0 0 1 0 0 0 0 1 0 -1 0 6536.dat
0 STEP
1 0 0 -20 0 -1 0 0 0 0 1 0 1 0 4519.dat
1 6 -25 -60 0 0 1 0 0 0 1 1 0 0 6632.dat
1 0 0 -60 0 -1 0 0 0 0 1 0 1 0 4519.dat
1 7 -15 -60 0 0 0 1 0 1 0 -1 0 0 32123a.dat
1 0 0 -60 20 1 0 0 0 0 1 0 -1 0 32184.dat
1 7 15 -60 0 0 0 1 0 1 0 -1 0 0 32123a.dat
1 6 25 -60 0 0 1 0 0 0 1 1 0 0 6632.dat
1 7 0 -50 20 0 0 -1 1 0 0 0 -1 0 3749.dat
1 7 0 -45 20 0 -1 0 0 0 1 -1 0 0 32123a.dat
0 STEP
1 7 0 -35 20 0 -1 0 0 0 1 -1 0 0 32123a.dat
1 8 -50 -20 0 1 0 0 0 0 -1 0 1 0 32039.dat
1 8 50 -20 0 1 0 0 0 0 -1 0 1 0 32039.dat



0 FILE 8002 - body4.ldr
0 body4
0 Name: 8002 - body4.ldr
0 Author: Philippe Hurbain [Philo]
0 !LDRAW_ORG Model
0 !LICENSE Redistributable under CCAL version 2.0 : see CAreadme.txt

1 6 0 0 0 0 1 0 1 0 0 0 0 -1 32140.dat
1 0 0 0 0 -1 0 0 0 1 0 0 0 -1 3707.dat
1 8 -20 0 0 -1 0 0 0 1 0 0 0 -1 6536.dat
1 8 20 0 0 -1 0 0 0 1 0 0 0 -1 6536.dat
1 0 20 20 10 0 1 0 0 0 -1 -1 0 0 6628.dat
1 0 -20 20 10 0 1 0 0 0 -1 -1 0 0 6628.dat
0 STEP
1 0 0 0 -20 -1 0 0 0 0 -1 0 -1 0 3706.dat
1 7 20 0 -20 0 0 -1 0 1 0 1 0 0 3713.dat
1 7 -20 0 -20 0 0 1 0 1 0 -1 0 0 3713.dat
1 7 35 0 -20 0 0 1 0 1 0 -1 0 0 32123a.dat
1 7 35 0 0 0 0 1 0 1 0 -1 0 0 32123a.dat
1 7 -35 0 0 0 0 1 0 1 0 -1 0 0 32123a.dat
1 7 -35 0 -20 0 0 1 0 1 0 -1 0 0 32123a.dat



0 FILE 8002 - body5.ldr
0 body5
0 Name: 8002 - body5.ldr
0 Author: Philippe Hurbain [Philo]
0 !LDRAW_ORG Model
0 !LICENSE Redistributable under CCAL version 2.0 : see CAreadme.txt

1 8 -25 0 0 0 -1 0 -0.883 0 0.469 -0.469 0 -0.883 32056.dat
1 0 0 0 0 -1 0 0 0 -1 0 0 0 1 3705.dat
1 7 -35 0 0 0 0 1 0 -1 0 1 0 0 32123a.dat
1 0 0 18.779 -35.318 -1 0 0 0 -0.883 -0.469 0 -0.469 0.883 3705.dat
1 0 0 -35.318 -18.779 -1 0 0 0 -0.883 -0.469 0 -0.469 0.883 4519.dat
1 8 -15 0 0 0 -1 0 -0.883 0 0.469 -0.469 0 -0.883 32056.dat
0 STEP
1 8 0 18.779 -35.318 0 1 0 0.883 0 0.469 0.469 0 -0.883 32271.dat
1 0 0 -52.977 -28.168 -1 0 0 0 0.469 -0.883 0 -0.883 -0.469 32039.dat
1 0 0 42.426 42.426 1 0 0 0 0.707 0.707 0 -0.707 0.707 8002 - body4.ldr
0 STEP
1 8 25 0 0 0 -1 0 -0.883 0 0.469 -0.469 0 -0.883 32056.dat
1 8 15 0 0 0 -1 0 -0.883 0 0.469 -0.469 0 -0.883 32056.dat
1 7 35 0 0 0 0 1 0 -1 0 1 0 0 32123a.dat
0 STEP
1 7 5 40 -20 1 0 0 0 1 0 0 0 1 8002 - body6.ldr
0 STEP
1 6 20 -33.276 -38.071 0 1 0 0.531 0 0.846 0.846 0 -0.531 32140.dat
1 7 30 -33.276 -38.071 -1 0 0 0 0.531 0.846 0 0.846 -0.531 3749.dat
1 8 35 9.389 -17.659 0 -1 0 0.469 0 0.883 -0.883 0 0.469 32056.dat
1 7 50 44.707 1.12 0 0 -1 0.469 -0.883 0 -0.883 -0.469 0 3713.dat



0 FILE 8002 - body6.ldr
0 body6
0 Name: 8002 - body6.ldr
0 Author: Philippe Hurbain [Philo]
0 !LDRAW_ORG Model
0 !LICENSE Redistributable under CCAL version 2.0 : see CAreadme.txt

1 0 -5 4.707 21.12 1 0 0 0 0.883 -0.469 0 0.469 0.883 3706.dat
1 7 -55 4.707 21.12 0 0 1 0.469 0.883 0 -0.883 0.469 0 3713.dat
1 8 -40 -30.611 2.341 0 -1 0 0.469 0 0.883 -0.883 0 0.469 32056.dat
1 6 -25 22.366 30.509 -1 0 0 0 -0.469 0.883 0 0.883 0.469 32039.dat
0 STEP
1 6 -5 39.667 -31.582 0 -1 0 0.616 0 -0.788 0.788 0 0.616 32140.dat
1 0 -5 39.667 -31.582 1 0 0 0 -0.788 -0.616 0 0.616 -0.788 4519.dat
1 0 -5 -11.832 -32.977 1 0 0 0 0.883 -0.469 0 0.469 0.883 3705.dat
1 4 -25 39.667 -31.582 1 0 0 0 0.788 0.616 0 -0.616 0.788 6536.dat
1 4 15 39.667 -31.582 1 0 0 0 0.788 0.616 0 -0.616 0.788 6536.dat
0 STEP
1 6 -25 -73.276 -18.071 0 1 0 0.531 0 0.846 0.846 0 -0.531 32140.dat
1 7 -35 -73.276 -18.071 1 0 0 0 -0.531 0.846 0 -0.846 -0.531 3749.dat
1 6 15 22.366 30.509 -1 0 0 0 -0.469 0.883 0 0.883 0.469 32039.dat



0 FILE 8002 - rightleg.ldr
0 rightleg
0 Name: 8002 - rightleg.ldr
0 Author: Philippe Hurbain [Philo]
0 !LDRAW_ORG Model
0 !LICENSE Redistributable under CCAL version 2.0 : see CAreadme.txt

1 8 25 0 0 0 1 0 0 0 -1 -1 0 0 32249.dat
1 0 0 0 0 -1 0 0 0 0 -1 0 -1 0 4519.dat
1 0 0 -40 0 -1 0 0 0 0 -1 0 -1 0 4519.dat
1 0 10 0 -40 -1 0 0 0 0 -1 0 -1 0 32062.dat
1 8 10 0 0 0 1 0 1 0 0 0 0 -1 32271.dat
1 8 10 -40 0 -1 0 0 0 -0.982 -0.189 0 -0.189 0.982 32013.dat
1 0 10 -28.848 -57.936 0 0 -1 0.189 -0.982 0 -0.982 -0.189 0 32073.dat
1 7 10 -28.848 -57.936 0 0 -1 0.189 -0.982 0 -0.982 -0.189 0 72706.dat
1 8 10 -17.696 -115.873 1 0 0 0 -0.982 0.189 0 -0.189 -0.982 32013.dat
0 STEP
1 8 -5 0 0 0 1 0 0 0 -1 -1 0 0 32249.dat
1 0 10 0 -80 -1 0 0 0 0.897 -0.442 0 -0.442 -0.897 32062.dat
1 8 -5 0 -80 0 1 0 0.897 0 -0.442 -0.442 0 -0.897 6632.dat
1 0 10 -17.696 -115.873 -1 0 0 0 0.897 -0.442 0 -0.442 -0.897 32062.dat
1 8 25 0 -80 0 1 0 0.897 0 -0.442 -0.442 0 -0.897 6632.dat
0 STEP
1 0 10 32 -144 -1 0 0 0 0.8 -0.6 0 -0.6 -0.8 32062.dat
1 8 10 48 -156 1 0 0 0 0.6 -0.8 0 0.8 0.6 32310.dat
1 8 -40 0 0 0 0 -1 1 0 0 0 -1 0 32016.dat
1 8 -40 -40 0 0 0 -1 0 -1 0 -1 0 0 32014.dat




0 FILE 8002 - rubberBandSquare-Studio-1.ldr
0 rubberBandSquare-Studio-1
0 Name: 8002 - rubberBandSquare-Studio-1.ldr
0 Author: Philippe Hurbain [Philo]
0 !LDRAW_ORG Model
0 !LICENSE Redistributable under CCAL version 2.0 : see CAreadme.txt

1 16 -5.363216 -1.493279 -1 0.995831 -0.182435 0 0.091218 1.991662 0 0 0 1 box4o8a.dat
1 16 -5.00418 -2.438788 -1 0.962895 -0.539753 0 0.269876 1.92579 0 0 0 1 box4o8a.dat
1 16 -4.479992 -3.303729 -1 0.898174 -0.879279 0 0.43964 1.796349 0 0 0 1 box4o8a.dat
1 16 -3.808183 -4.059593 -1 0.803887 -1.189565 0 0.594782 1.607773 0 0 0 1 box4o8a.dat
1 16 -3.010611 -4.681209 -1 0.682937 -1.460955 0 0.730478 1.365873 0 0 0 1 box4o8a.dat
1 16 -2.11556 -5.15119 -1 0.541411 -1.681517 0 0.840758 1.082821 0 0 0 1 box4o8a.dat
1 16 -1.148281 -5.447477 -1 0.378299 -1.851367 0 0.925684 0.756598 0 0 0 1 box4o8a.dat
1 16 -0.143741 -5.564927 -1 0.204582 -1.957699 0 0.978849 0.409164 0 0 0 1 box4o8a.dat
1 16 0.86547 -5.498679 -1 0.0241 -1.999419 0 0.99971 0.048201 0 0 0 1 box4o8a.dat
1 16 1.845972 -5.251147 -1 -0.15704 -1.975184 0 0.987592 -0.314081 0 0 0 1 box4o8a.dat
1 16 2.765348 -4.830106 -1 -0.333226 -1.885694 0 0.942847 -0.666453 0 0 0 1 box4o8a.dat
1 16 3.595131 -4.252647 -1 -0.496345 -1.736251 0 0.868126 -0.992689 0 0 0 1 box4o8a.dat
1 16 4.304096 -3.530993 -1 -0.646924 -1.52511 0 0.762555 -1.293847 0 0 0 1 box4o8a.dat
1 16 4.871558 -2.693806 -1 -0.77421 -1.265858 0 0.632929 -1.54842 0 0 0 1 box4o8a.dat
1 16 5.278174 -1.767761 -1 -0.87595 -0.964805 0 0.482402 -1.751899 0 0 0 1 box4o8a.dat
1 16 5.510696 -0.783592 -1 -0.94873 -0.632173 0 0.316086 -1.897461 0 0 0 1 box4o8a.dat
1 16 5.561065 0.226355 -1 -0.990276 -0.278228 0 0.139114 -1.980553 0 0 0 1 box4o8a.dat
1 16 5.509529 2.230286 -0.963747 -0.999974 -0.02172 -0.000105 0.007241 -2.999606 -0.014501 0 -0.043505 0.999895 box4o8a.dat
1 16 5.505973 3.229207 -0.913441 -1 -0.000086 -0.000159 0.000049 -1.998527 -0.038371 -0.000157 -0.076743 0.999264 box4o8a.dat
1 16 5.499806 4.226666 -0.839608 -0.999992 0.008193 -0.000239 -0.004074 -1.996134 -0.062014 -0.000493 -0.124026 0.998075 box4o8a.dat
1 16 5.491321 5.222784 -0.750684 -0.999975 0.014045 -0.000302 -0.006976 -1.993548 -0.079958 -0.000863 -0.159908 0.996798 box4o8a.dat
1 16 5.477813 6.215634 -0.629778 -0.999936 0.022692 -0.000369 -0.011241 -1.988333 -0.107267 -0.001584 -0.214513 0.99423 box4o8a.dat
1 16 5.461642 7.206019 -0.491254 -0.999894 0.029126 -0.00043 -0.014388 -1.983308 -0.128122 -0.002293 -0.256204 0.991758 box4o8a.dat
1 16 5.439523 8.19017 -0.312912 -0.999808 0.039201 -0.000452 -0.01927 -1.973324 -0.161637 -0.003614 -0.323194 0.98685 box4o8a.dat
1 16 5.413022 9.168079 -0.103823 -0.999707 0.048402 -0.000449 -0.023658 -1.961697 -0.19333 -0.005119 -0.386525 0.981134 box4o8a.dat
1 16 5.381605 10.137661 0.140679 -0.999579 0.058025 -0.000401 -0.02816 -1.946726 -0.227534 -0.006992 -0.454855 0.97377 box4o8a.dat
1 16 5.345059 11.096704 0.423371 -0.999421 0.068072 -0.000294 -0.032747 -1.927692 -0.264441 -0.009284 -0.528556 0.964402 box4o8a.dat
1 16 5.305258 12.047558 0.731153 -0.999282 0.075765 -0.000247 -0.036141 -1.910536 -0.293526 -0.011355 -0.586612 0.955951 box4o8a.dat
1 16 5.257328 12.975838 1.102681 -0.999006 0.089169 0.000156 -0.041888 -1.874731 -0.34582 -0.015272 -0.690966 0.938301 box4o8a.dat
1 16 5.203237 13.881208 1.526384 -0.998702 0.101852 0.000686 -0.046988 -1.832234 -0.398148 -0.019648 -0.795327 0.917321 box4o8a.dat
1 16 5.144173 14.763982 1.994353 -0.99841 0.112712 0.001217 -0.051004 -1.787939 -0.445216 -0.024002 -0.88914 0.895422 box4o8a.dat
1 16 5.080011 15.619598 2.509924 -0.998101 0.123127 0.00185 -0.05448 -1.736907 -0.492768 -0.02873 -0.983866 0.870159 box4o8a.dat
1 16 5.010351 16.440018 3.079693 -0.997752 0.133934 0.002714 -0.057626 -1.672994 -0.544933 -0.034222 -1.087728 0.838475 box4o8a.dat
1 16 4.935594 17.219563 3.703957 -0.997386 0.144332 0.003769 -0.060046 -1.597206 -0.598855 -0.040207 -1.195032 0.800848 box4o8a.dat
1 16 4.855355 17.942139 4.393903 -0.996974 0.155107 0.00529 -0.06169 -1.495949 -0.660854 -0.047295 -1.318362 0.750496 box4o8a.dat
1 16 4.772974 18.630473 5.116208 -0.996713 0.161555 0.006205 -0.061778 -1.416528 -0.703239 -0.052411 -1.402622 0.710926 box4o8a.dat
1 16 4.687554 19.264066 5.887221 -0.996448 0.16776 0.007419 -0.061021 -1.317098 -0.75006 -0.058029 -1.495697 0.661328 box4o8a.dat
